16
4
-19.38
-19.289
-19.2
-19.114
-19.03
-18.948
-18.869
-18.792
-18.716
-18.643
-18.571
-18.501
-18.433
-18.366
-18.302
-18.238
-18.769
-18.68
-18.593
-18.509
-18.426
-18.346
-18.268
-18.193
-18.119
-18.046
-17.976
-17.907
-17.84
-17.775
-17.711
-17.649
-18.156
-18.068
-17.983
-17.901
-17.82
-17.742
-17.665
-17.591
-17.519
-17.448
-17.379
-17.312
-17.246
-17.182
-17.119
-17.058
-17.591
-17.505
-17.422
-17.341
-17.262
-17.185
-17.11
-17.037
-16.966
-16.897
-16.829
-16.763
-16.699
-16.636
-16.574
-16.514
