1024
4
-19.3756
-19.3743
-19.373
-19.3717
-19.3704
-19.3691
-19.3677
-19.3664
-19.3651
-19.3638
-19.3625
-19.3612
-19.3598
-19.3585
-19.3572
-19.3559
-19.3546
-19.3533
-19.352
-19.3506
-19.3493
-19.348
-19.3467
-19.3454
-19.3441
-19.3428
-19.3415
-19.3402
-19.3388
-19.3375
-19.3362
-19.3349
-19.3336
-19.3323
-19.331
-19.3297
-19.3284
-19.3271
-19.3258
-19.3245
-19.3232
-19.3219
-19.3206
-19.3193
-19.3179
-19.3166
-19.3153
-19.314
-19.3127
-19.3114
-19.3101
-19.3088
-19.3075
-19.3062
-19.3049
-19.3036
-19.3023
-19.301
-19.2997
-19.2984
-19.2971
-19.2958
-19.2945
-19.2932
-19.292
-19.2907
-19.2894
-19.2881
-19.2868
-19.2855
-19.2842
-19.2829
-19.2816
-19.2803
-19.279
-19.2777
-19.2764
-19.2751
-19.2738
-19.2725
-19.2713
-19.27
-19.2687
-19.2674
-19.2661
-19.2648
-19.2635
-19.2622
-19.2609
-19.2597
-19.2584
-19.2571
-19.2558
-19.2545
-19.2532
-19.2519
-19.2507
-19.2494
-19.2481
-19.2468
-19.2455
-19.2442
-19.243
-19.2417
-19.2404
-19.2391
-19.2378
-19.2365
-19.2353
-19.234
-19.2327
-19.2314
-19.2301
-19.2289
-19.2276
-19.2263
-19.225
-19.2238
-19.2225
-19.2212
-19.2199
-19.2187
-19.2174
-19.2161
-19.2148
-19.2136
-19.2123
-19.211
-19.2097
-19.2085
-19.2072
-19.2059
-19.2046
-19.2034
-19.2021
-19.2008
-19.1995
-19.1983
-19.197
-19.1957
-19.1945
-19.1932
-19.1919
-19.1906
-19.1894
-19.1881
-19.1868
-19.1856
-19.1843
-19.183
-19.1818
-19.1805
-19.1792
-19.178
-19.1767
-19.1754
-19.1742
-19.1729
-19.1716
-19.1704
-19.1691
-19.1678
-19.1666
-19.1653
-19.1641
-19.1628
-19.1615
-19.1603
-19.159
-19.1578
-19.1565
-19.1552
-19.154
-19.1527
-19.1515
-19.1502
-19.149
-19.1477
-19.1465
-19.1452
-19.1439
-19.1427
-19.1414
-19.1402
-19.1389
-19.1377
-19.1364
-19.1352
-19.1339
-19.1327
-19.1314
-19.1302
-19.1289
-19.1277
-19.1264
-19.1252
-19.1239
-19.1227
-19.1214
-19.1202
-19.1189
-19.1177
-19.1164
-19.1152
-19.1139
-19.1127
-19.1114
-19.1102
-19.1089
-19.1077
-19.1064
-19.1052
-19.1039
-19.1027
-19.1014
-19.1002
-19.0989
-19.0977
-19.0965
-19.0952
-19.094
-19.0927
-19.0915
-19.0902
-19.089
-19.0878
-19.0865
-19.0853
-19.084
-19.0828
-19.0816
-19.0803
-19.0791
-19.0778
-19.0766
-19.0754
-19.0741
-19.0729
-19.0717
-19.0704
-19.0692
-19.0679
-19.0667
-19.0655
-19.0642
-19.063
-19.0618
-19.0605
-19.0593
-19.0581
-19.0568
-19.0556
-19.0544
-19.0531
-19.0519
-19.0507
-19.0494
-19.0482
-19.047
-19.0458
-19.0445
-19.0433
-19.0421
-19.0408
-19.0396
-19.0384
-19.0372
-19.0359
-19.0347
-19.0335
-19.0322
-19.031
-19.0298
-19.0286
-19.0273
-19.0261
-19.0249
-19.0237
-19.0224
-19.0212
-19.02
-19.0188
-19.0176
-19.0163
-19.0151
-19.0139
-19.0127
-19.0114
-19.0102
-19.009
-19.0078
-19.0066
-19.0053
-19.0041
-19.0029
-19.0017
-19.0005
-18.9992
-18.998
-18.9968
-18.9956
-18.9944
-18.9932
-18.9919
-18.9907
-18.9895
-18.9883
-18.9871
-18.9859
-18.9847
-18.9834
-18.9822
-18.981
-18.9798
-18.9786
-18.9774
-18.9762
-18.975
-18.9737
-18.9725
-18.9713
-18.9701
-18.9689
-18.9677
-18.9665
-18.9653
-18.9641
-18.9629
-18.9617
-18.9604
-18.9592
-18.958
-18.9568
-18.9556
-18.9544
-18.9532
-18.952
-18.9508
-18.9496
-18.9484
-18.9472
-18.946
-18.9448
-18.9436
-18.9424
-18.9412
-18.94
-18.9388
-18.9376
-18.9363
-18.9351
-18.9339
-18.9327
-18.9315
-18.9303
-18.9291
-18.9279
-18.9267
-18.9255
-18.9243
-18.9232
-18.922
-18.9208
-18.9196
-18.9184
-18.9172
-18.916
-18.9148
-18.9136
-18.9124
-18.9112
-18.91
-18.9088
-18.9076
-18.9064
-18.9052
-18.904
-18.9028
-18.9016
-18.9004
-18.8993
-18.8981
-18.8969
-18.8957
-18.8945
-18.8933
-18.8921
-18.8909
-18.8897
-18.8885
-18.8873
-18.8862
-18.885
-18.8838
-18.8826
-18.8814
-18.8802
-18.879
-18.8778
-18.8767
-18.8755
-18.8743
-18.8731
-18.8719
-18.8707
-18.8695
-18.8684
-18.8672
-18.866
-18.8648
-18.8636
-18.8624
-18.8613
-18.8601
-18.8589
-18.8577
-18.8565
-18.8554
-18.8542
-18.853
-18.8518
-18.8506
-18.8495
-18.8483
-18.8471
-18.8459
-18.8447
-18.8436
-18.8424
-18.8412
-18.84
-18.8389
-18.8377
-18.8365
-18.8353
-18.8342
-18.833
-18.8318
-18.8306
-18.8295
-18.8283
-18.8271
-18.8259
-18.8248
-18.8236
-18.8224
-18.8212
-18.8201
-18.8189
-18.8177
-18.8166
-18.8154
-18.8142
-18.813
-18.8119
-18.8107
-18.8095
-18.8084
-18.8072
-18.806
-18.8049
-18.8037
-18.8025
-18.8014
-18.8002
-18.799
-18.7979
-18.7967
-18.7955
-18.7944
-18.7932
-18.792
-18.7909
-18.7897
-18.7885
-18.7874
-18.7862
-18.785
-18.7839
-18.7827
-18.7816
-18.7804
-18.7792
-18.7781
-18.7769
-18.7757
-18.7746
-18.7734
-18.7723
-18.7711
-18.7699
-18.7688
-18.7676
-18.7665
-18.7653
-18.7642
-18.763
-18.7618
-18.7607
-18.7595
-18.7584
-18.7572
-18.7561
-18.7549
-18.7537
-18.7526
-18.7514
-18.7503
-18.7491
-18.748
-18.7468
-18.7457
-18.7445
-18.7434
-18.7422
-18.7411
-18.7399
-18.7388
-18.7376
-18.7364
-18.7353
-18.7341
-18.733
-18.7318
-18.7307
-18.7295
-18.7284
-18.7272
-18.7261
-18.725
-18.7238
-18.7227
-18.7215
-18.7204
-18.7192
-18.7181
-18.7169
-18.7158
-18.7146
-18.7135
-18.7123
-18.7112
-18.7101
-18.7089
-18.7078
-18.7066
-18.7055
-18.7043
-18.7032
-18.702
-18.7009
-18.6998
-18.6986
-18.6975
-18.6963
-18.6952
-18.6941
-18.6929
-18.6918
-18.6906
-18.6895
-18.6884
-18.6872
-18.6861
-18.6849
-18.6838
-18.6827
-18.6815
-18.6804
-18.6793
-18.6781
-18.677
-18.6758
-18.6747
-18.6736
-18.6724
-18.6713
-18.6702
-18.669
-18.6679
-18.6668
-18.6656
-18.6645
-18.6634
-18.6622
-18.6611
-18.66
-18.6588
-18.6577
-18.6566
-18.6554
-18.6543
-18.6532
-18.652
-18.6509
-18.6498
-18.6487
-18.6475
-18.6464
-18.6453
-18.6441
-18.643
-18.6419
-18.6408
-18.6396
-18.6385
-18.6374
-18.6363
-18.6351
-18.634
-18.6329
-18.6317
-18.6306
-18.6295
-18.6284
-18.6272
-18.6261
-18.625
-18.6239
-18.6228
-18.6216
-18.6205
-18.6194
-18.6183
-18.6171
-18.616
-18.6149
-18.6138
-18.6127
-18.6115
-18.6104
-18.6093
-18.6082
-18.6071
-18.6059
-18.6048
-18.6037
-18.6026
-18.6015
-18.6003
-18.5992
-18.5981
-18.597
-18.5959
-18.5948
-18.5936
-18.5925
-18.5914
-18.5903
-18.5892
-18.5881
-18.587
-18.5858
-18.5847
-18.5836
-18.5825
-18.5814
-18.5803
-18.5792
-18.578
-18.5769
-18.5758
-18.5747
-18.5736
-18.5725
-18.5714
-18.5703
-18.5692
-18.568
-18.5669
-18.5658
-18.5647
-18.5636
-18.5625
-18.5614
-18.5603
-18.5592
-18.5581
-18.557
-18.5559
-18.5547
-18.5536
-18.5525
-18.5514
-18.5503
-18.5492
-18.5481
-18.547
-18.5459
-18.5448
-18.5437
-18.5426
-18.5415
-18.5404
-18.5393
-18.5382
-18.5371
-18.536
-18.5349
-18.5338
-18.5327
-18.5316
-18.5305
-18.5294
-18.5283
-18.5272
-18.5261
-18.525
-18.5239
-18.5228
-18.5217
-18.5206
-18.5195
-18.5184
-18.5173
-18.5162
-18.5151
-18.514
-18.5129
-18.5118
-18.5107
-18.5096
-18.5085
-18.5074
-18.5063
-18.5052
-18.5041
-18.503
-18.5019
-18.5008
-18.4997
-18.4986
-18.4975
-18.4965
-18.4954
-18.4943
-18.4932
-18.4921
-18.491
-18.4899
-18.4888
-18.4877
-18.4866
-18.4855
-18.4844
-18.4834
-18.4823
-18.4812
-18.4801
-18.479
-18.4779
-18.4768
-18.4757
-18.4746
-18.4736
-18.4725
-18.4714
-18.4703
-18.4692
-18.4681
-18.467
-18.466
-18.4649
-18.4638
-18.4627
-18.4616
-18.4605
-18.4594
-18.4584
-18.4573
-18.4562
-18.4551
-18.454
-18.4529
-18.4519
-18.4508
-18.4497
-18.4486
-18.4475
-18.4465
-18.4454
-18.4443
-18.4432
-18.4421
-18.441
-18.44
-18.4389
-18.4378
-18.4367
-18.4357
-18.4346
-18.4335
-18.4324
-18.4313
-18.4303
-18.4292
-18.4281
-18.427
-18.426
-18.4249
-18.4238
-18.4227
-18.4217
-18.4206
-18.4195
-18.4184
-18.4174
-18.4163
-18.4152
-18.4141
-18.4131
-18.412
-18.4109
-18.4098
-18.4088
-18.4077
-18.4066
-18.4055
-18.4045
-18.4034
-18.4023
-18.4013
-18.4002
-18.3991
-18.3981
-18.397
-18.3959
-18.3948
-18.3938
-18.3927
-18.3916
-18.3906
-18.3895
-18.3884
-18.3874
-18.3863
-18.3852
-18.3842
-18.3831
-18.382
-18.381
-18.3799
-18.3788
-18.3778
-18.3767
-18.3756
-18.3746
-18.3735
-18.3724
-18.3714
-18.3703
-18.3693
-18.3682
-18.3671
-18.3661
-18.365
-18.3639
-18.3629
-18.3618
-18.3608
-18.3597
-18.3586
-18.3576
-18.3565
-18.3555
-18.3544
-18.3533
-18.3523
-18.3512
-18.3502
-18.3491
-18.348
-18.347
-18.3459
-18.3449
-18.3438
-18.3428
-18.3417
-18.3406
-18.3396
-18.3385
-18.3375
-18.3364
-18.3354
-18.3343
-18.3332
-18.3322
-18.3311
-18.3301
-18.329
-18.328
-18.3269
-18.3259
-18.3248
-18.3238
-18.3227
-18.3217
-18.3206
-18.3196
-18.3185
-18.3175
-18.3164
-18.3153
-18.3143
-18.3132
-18.3122
-18.3111
-18.3101
-18.309
-18.308
-18.3069
-18.3059
-18.3049
-18.3038
-18.3028
-18.3017
-18.3007
-18.2996
-18.2986
-18.2975
-18.2965
-18.2954
-18.2944
-18.2933
-18.2923
-18.2912
-18.2902
-18.2892
-18.2881
-18.2871
-18.286
-18.285
-18.2839
-18.2829
-18.2818
-18.2808
-18.2798
-18.2787
-18.2777
-18.2766
-18.2756
-18.2745
-18.2735
-18.2725
-18.2714
-18.2704
-18.2693
-18.2683
-18.2673
-18.2662
-18.2652
-18.2641
-18.2631
-18.2621
-18.261
-18.26
-18.2589
-18.2579
-18.2569
-18.2558
-18.2548
-18.2538
-18.2527
-18.2517
-18.2507
-18.2496
-18.2486
-18.2475
-18.2465
-18.2455
-18.2444
-18.2434
-18.2424
-18.2413
-18.2403
-18.2393
-18.2382
-18.2372
-18.2362
-18.2351
-18.2341
-18.2331
-18.232
-18.231
-18.23
-18.2289
-18.2279
-18.2269
-18.2259
-18.2248
-18.2238
-18.2228
-18.2217
-18.2207
-18.2197
-18.2186
-18.2176
-18.2166
-18.2156
-18.2145
-18.2135
-18.2125
-18.2114
-18.2104
-18.2094
-18.2084
-18.2073
-18.2063
-18.2053
-18.2043
-18.2032
-18.2022
-18.2012
-18.2002
-18.1991
-18.1981
-18.1971
-18.1961
-18.195
-18.194
-18.193
-18.192
-18.1909
-18.1899
-18.7567
-18.7554
-18.7542
-18.7529
-18.7517
-18.7504
-18.7491
-18.7479
-18.7466
-18.7454
-18.7441
-18.7429
-18.7416
-18.7403
-18.7391
-18.7378
-18.7366
-18.7353
-18.7341
-18.7328
-18.7316
-18.7303
-18.729
-18.7278
-18.7265
-18.7253
-18.724
-18.7228
-18.7215
-18.7203
-18.719
-18.7178
-18.7165
-18.7153
-18.714
-18.7128
-18.7115
-18.7103
-18.709
-18.7078
-18.7065
-18.7053
-18.704
-18.7028
-18.7016
-18.7003
-18.6991
-18.6978
-18.6966
-18.6953
-18.6941
-18.6928
-18.6916
-18.6904
-18.6891
-18.6879
-18.6866
-18.6854
-18.6841
-18.6829
-18.6817
-18.6804
-18.6792
-18.6779
-18.6767
-18.6755
-18.6742
-18.673
-18.6718
-18.6705
-18.6693
-18.668
-18.6668
-18.6656
-18.6643
-18.6631
-18.6619
-18.6606
-18.6594
-18.6582
-18.6569
-18.6557
-18.6545
-18.6532
-18.652
-18.6508
-18.6495
-18.6483
-18.6471
-18.6458
-18.6446
-18.6434
-18.6421
-18.6409
-18.6397
-18.6385
-18.6372
-18.636
-18.6348
-18.6335
-18.6323
-18.6311
-18.6299
-18.6286
-18.6274
-18.6262
-18.625
-18.6237
-18.6225
-18.6213
-18.6201
-18.6188
-18.6176
-18.6164
-18.6152
-18.614
-18.6127
-18.6115
-18.6103
-18.6091
-18.6078
-18.6066
-18.6054
-18.6042
-18.603
-18.6018
-18.6005
-18.5993
-18.5981
-18.5969
-18.5957
-18.5944
-18.5932
-18.592
-18.5908
-18.5896
-18.5884
-18.5872
-18.5859
-18.5847
-18.5835
-18.5823
-18.5811
-18.5799
-18.5787
-18.5774
-18.5762
-18.575
-18.5738
-18.5726
-18.5714
-18.5702
-18.569
-18.5678
-18.5666
-18.5653
-18.5641
-18.5629
-18.5617
-18.5605
-18.5593
-18.5581
-18.5569
-18.5557
-18.5545
-18.5533
-18.5521
-18.5509
-18.5497
-18.5485
-18.5472
-18.546
-18.5448
-18.5436
-18.5424
-18.5412
-18.54
-18.5388
-18.5376
-18.5364
-18.5352
-18.534
-18.5328
-18.5316
-18.5304
-18.5292
-18.528
-18.5268
-18.5256
-18.5244
-18.5232
-18.522
-18.5208
-18.5196
-18.5184
-18.5173
-18.5161
-18.5149
-18.5137
-18.5125
-18.5113
-18.5101
-18.5089
-18.5077
-18.5065
-18.5053
-18.5041
-18.5029
-18.5017
-18.5005
-18.4994
-18.4982
-18.497
-18.4958
-18.4946
-18.4934
-18.4922
-18.491
-18.4898
-18.4886
-18.4875
-18.4863
-18.4851
-18.4839
-18.4827
-18.4815
-18.4803
-18.4791
-18.478
-18.4768
-18.4756
-18.4744
-18.4732
-18.472
-18.4709
-18.4697
-18.4685
-18.4673
-18.4661
-18.4649
-18.4638
-18.4626
-18.4614
-18.4602
-18.459
-18.4579
-18.4567
-18.4555
-18.4543
-18.4531
-18.452
-18.4508
-18.4496
-18.4484
-18.4472
-18.4461
-18.4449
-18.4437
-18.4425
-18.4414
-18.4402
-18.439
-18.4378
-18.4367
-18.4355
-18.4343
-18.4331
-18.432
-18.4308
-18.4296
-18.4284
-18.4273
-18.4261
-18.4249
-18.4238
-18.4226
-18.4214
-18.4202
-18.4191
-18.4179
-18.4167
-18.4156
-18.4144
-18.4132
-18.4121
-18.4109
-18.4097
-18.4086
-18.4074
-18.4062
-18.4051
-18.4039
-18.4027
-18.4016
-18.4004
-18.3992
-18.3981
-18.3969
-18.3957
-18.3946
-18.3934
-18.3922
-18.3911
-18.3899
-18.3888
-18.3876
-18.3864
-18.3853
-18.3841
-18.3829
-18.3818
-18.3806
-18.3795
-18.3783
-18.3772
-18.376
-18.3748
-18.3737
-18.3725
-18.3714
-18.3702
-18.369
-18.3679
-18.3667
-18.3656
-18.3644
-18.3633
-18.3621
-18.361
-18.3598
-18.3587
-18.3575
-18.3563
-18.3552
-18.354
-18.3529
-18.3517
-18.3506
-18.3494
-18.3483
-18.3471
-18.346
-18.3448
-18.3437
-18.3425
-18.3414
-18.3402
-18.3391
-18.3379
-18.3368
-18.3356
-18.3345
-18.3333
-18.3322
-18.331
-18.3299
-18.3287
-18.3276
-18.3264
-18.3253
-18.3241
-18.323
-18.3218
-18.3207
-18.3195
-18.3184
-18.3173
-18.3161
-18.315
-18.3138
-18.3127
-18.3115
-18.3104
-18.3093
-18.3081
-18.307
-18.3058
-18.3047
-18.3035
-18.3024
-18.3013
-18.3001
-18.299
-18.2979
-18.2967
-18.2956
-18.2944
-18.2933
-18.2922
-18.291
-18.2899
-18.2888
-18.2876
-18.2865
-18.2854
-18.2842
-18.2831
-18.282
-18.2808
-18.2797
-18.2786
-18.2774
-18.2763
-18.2752
-18.274
-18.2729
-18.2718
-18.2706
-18.2695
-18.2684
-18.2672
-18.2661
-18.265
-18.2638
-18.2627
-18.2616
-18.2605
-18.2593
-18.2582
-18.2571
-18.2559
-18.2548
-18.2537
-18.2526
-18.2514
-18.2503
-18.2492
-18.248
-18.2469
-18.2458
-18.2447
-18.2435
-18.2424
-18.2413
-18.2402
-18.239
-18.2379
-18.2368
-18.2357
-18.2345
-18.2334
-18.2323
-18.2312
-18.2301
-18.2289
-18.2278
-18.2267
-18.2256
-18.2245
-18.2233
-18.2222
-18.2211
-18.22
-18.2189
-18.2177
-18.2166
-18.2155
-18.2144
-18.2133
-18.2121
-18.211
-18.2099
-18.2088
-18.2077
-18.2066
-18.2054
-18.2043
-18.2032
-18.2021
-18.201
-18.1999
-18.1988
-18.1976
-18.1965
-18.1954
-18.1943
-18.1932
-18.1921
-18.191
-18.1899
-18.1887
-18.1876
-18.1865
-18.1854
-18.1843
-18.1832
-18.1821
-18.181
-18.1799
-18.1788
-18.1776
-18.1765
-18.1754
-18.1743
-18.1732
-18.1721
-18.171
-18.1699
-18.1688
-18.1677
-18.1666
-18.1655
-18.1644
-18.1633
-18.1622
-18.161
-18.1599
-18.1588
-18.1577
-18.1566
-18.1555
-18.1544
-18.1533
-18.1522
-18.1511
-18.15
-18.1489
-18.1478
-18.1467
-18.1456
-18.1445
-18.1434
-18.1423
-18.1412
-18.1401
-18.139
-18.1379
-18.1368
-18.1357
-18.1346
-18.1335
-18.1324
-18.1313
-18.1302
-18.1291
-18.128
-18.1269
-18.1258
-18.1247
-18.1237
-18.1226
-18.1215
-18.1204
-18.1193
-18.1182
-18.1171
-18.116
-18.1149
-18.1138
-18.1127
-18.1116
-18.1105
-18.1094
-18.1083
-18.1073
-18.1062
-18.1051
-18.104
-18.1029
-18.1018
-18.1007
-18.0996
-18.0985
-18.0974
-18.0964
-18.0953
-18.0942
-18.0931
-18.092
-18.0909
-18.0898
-18.0887
-18.0877
-18.0866
-18.0855
-18.0844
-18.0833
-18.0822
-18.0811
-18.0801
-18.079
-18.0779
-18.0768
-18.0757
-18.0746
-18.0735
-18.0725
-18.0714
-18.0703
-18.0692
-18.0681
-18.0671
-18.066
-18.0649
-18.0638
-18.0627
-18.0617
-18.0606
-18.0595
-18.0584
-18.0573
-18.0563
-18.0552
-18.0541
-18.053
-18.0519
-18.0509
-18.0498
-18.0487
-18.0476
-18.0466
-18.0455
-18.0444
-18.0433
-18.0423
-18.0412
-18.0401
-18.039
-18.038
-18.0369
-18.0358
-18.0347
-18.0337
-18.0326
-18.0315
-18.0304
-18.0294
-18.0283
-18.0272
-18.0261
-18.0251
-18.024
-18.0229
-18.0219
-18.0208
-18.0197
-18.0187
-18.0176
-18.0165
-18.0154
-18.0144
-18.0133
-18.0122
-18.0112
-18.0101
-18.009
-18.008
-18.0069
-18.0058
-18.0048
-18.0037
-18.0026
-18.0016
-18.0005
-17.9994
-17.9984
-17.9973
-17.9962
-17.9952
-17.9941
-17.9931
-17.992
-17.9909
-17.9899
-17.9888
-17.9877
-17.9867
-17.9856
-17.9846
-17.9835
-17.9824
-17.9814
-17.9803
-17.9792
-17.9782
-17.9771
-17.9761
-17.975
-17.9739
-17.9729
-17.9718
-17.9708
-17.9697
-17.9687
-17.9676
-17.9665
-17.9655
-17.9644
-17.9634
-17.9623
-17.9613
-17.9602
-17.9591
-17.9581
-17.957
-17.956
-17.9549
-17.9539
-17.9528
-17.9518
-17.9507
-17.9497
-17.9486
-17.9475
-17.9465
-17.9454
-17.9444
-17.9433
-17.9423
-17.9412
-17.9402
-17.9391
-17.9381
-17.937
-17.936
-17.9349
-17.9339
-17.9328
-17.9318
-17.9307
-17.9297
-17.9286
-17.9276
-17.9265
-17.9255
-17.9244
-17.9234
-17.9224
-17.9213
-17.9203
-17.9192
-17.9182
-17.9171
-17.9161
-17.915
-17.914
-17.9129
-17.9119
-17.9109
-17.9098
-17.9088
-17.9077
-17.9067
-17.9056
-17.9046
-17.9035
-17.9025
-17.9015
-17.9004
-17.8994
-17.8983
-17.8973
-17.8963
-17.8952
-17.8942
-17.8931
-17.8921
-17.8911
-17.89
-17.889
-17.8879
-17.8869
-17.8859
-17.8848
-17.8838
-17.8827
-17.8817
-17.8807
-17.8796
-17.8786
-17.8776
-17.8765
-17.8755
-17.8745
-17.8734
-17.8724
-17.8713
-17.8703
-17.8693
-17.8682
-17.8672
-17.8662
-17.8651
-17.8641
-17.8631
-17.862
-17.861
-17.86
-17.8589
-17.8579
-17.8569
-17.8559
-17.8548
-17.8538
-17.8528
-17.8517
-17.8507
-17.8497
-17.8486
-17.8476
-17.8466
-17.8456
-17.8445
-17.8435
-17.8425
-17.8414
-17.8404
-17.8394
-17.8384
-17.8373
-17.8363
-17.8353
-17.8342
-17.8332
-17.8322
-17.8312
-17.8301
-17.8291
-17.8281
-17.8271
-17.826
-17.825
-17.824
-17.823
-17.8219
-17.8209
-17.8199
-17.8189
-17.8179
-17.8168
-17.8158
-17.8148
-17.8138
-17.8127
-17.8117
-17.8107
-17.8097
-17.8087
-17.8076
-17.8066
-17.8056
-17.8046
-17.8036
-17.8025
-17.8015
-17.8005
-17.7995
-17.7985
-17.7975
-17.7964
-17.7954
-17.7944
-17.7934
-17.7924
-17.7914
-17.7903
-17.7893
-17.7883
-17.7873
-17.7863
-17.7853
-17.7842
-17.7832
-17.7822
-17.7812
-17.7802
-17.7792
-17.7782
-17.7771
-17.7761
-17.7751
-17.7741
-17.7731
-17.7721
-17.7711
-17.7701
-17.769
-17.768
-17.767
-17.766
-17.765
-17.764
-17.763
-17.762
-17.761
-17.76
-17.7589
-17.7579
-17.7569
-17.7559
-17.7549
-17.7539
-17.7529
-17.7519
-17.7509
-17.7499
-17.7489
-17.7479
-17.7469
-17.7458
-17.7448
-17.7438
-17.7428
-17.7418
-17.7408
-17.7398
-17.7388
-17.7378
-17.7368
-17.7358
-17.7348
-17.7338
-17.7328
-17.7318
-17.7308
-17.7298
-17.7288
-17.7278
-17.7268
-17.7258
-17.7248
-17.7238
-17.7228
-17.7218
-17.7208
-17.7198
-17.7188
-17.7178
-17.7168
-17.7158
-17.7148
-17.7138
-17.7128
-17.7118
-17.7108
-17.7098
-17.7088
-17.7078
-17.7068
-17.7058
-17.7048
-17.7038
-17.7028
-17.7018
-17.7008
-17.6998
-17.6988
-17.6978
-17.6968
-17.6958
-17.6948
-17.6938
-17.6928
-17.6919
-17.6909
-17.6899
-17.6889
-17.6879
-17.6869
-17.6859
-17.6849
-17.6839
-17.6829
-17.6819
-17.6809
-17.6799
-17.679
-17.678
-17.677
-17.676
-17.675
-17.674
-17.673
-17.672
-17.671
-17.67
-17.6691
-17.6681
-17.6671
-17.6661
-17.6651
-17.6641
-17.6631
-17.6621
-17.6612
-17.6602
-17.6592
-17.6582
-17.6572
-17.6562
-17.6552
-17.6543
-17.6533
-17.6523
-17.6513
-17.6503
-17.6493
-17.6483
-17.6474
-17.6464
-17.6454
-17.6444
-17.6434
-17.6424
-17.6415
-17.6405
-17.6395
-17.6385
-17.6375
-17.6365
-17.6356
-17.6346
-17.6336
-17.6326
-17.6316
-17.6307
-17.6297
-17.6287
-17.6277
-17.6267
-17.6258
-17.6248
-17.6238
-17.6228
-18.1296
-18.1283
-18.1271
-18.1259
-18.1247
-18.1235
-18.1223
-18.1211
-18.1199
-18.1187
-18.1175
-18.1163
-18.1151
-18.1139
-18.1127
-18.1115
-18.1103
-18.1091
-18.1079
-18.1067
-18.1055
-18.1043
-18.1031
-18.102
-18.1008
-18.0996
-18.0984
-18.0972
-18.096
-18.0948
-18.0936
-18.0924
-18.0912
-18.09
-18.0888
-18.0876
-18.0864
-18.0852
-18.084
-18.0829
-18.0817
-18.0805
-18.0793
-18.0781
-18.0769
-18.0757
-18.0745
-18.0733
-18.0721
-18.071
-18.0698
-18.0686
-18.0674
-18.0662
-18.065
-18.0638
-18.0627
-18.0615
-18.0603
-18.0591
-18.0579
-18.0567
-18.0555
-18.0544
-18.0532
-18.052
-18.0508
-18.0496
-18.0485
-18.0473
-18.0461
-18.0449
-18.0437
-18.0425
-18.0414
-18.0402
-18.039
-18.0378
-18.0367
-18.0355
-18.0343
-18.0331
-18.0319
-18.0308
-18.0296
-18.0284
-18.0272
-18.0261
-18.0249
-18.0237
-18.0225
-18.0214
-18.0202
-18.019
-18.0178
-18.0167
-18.0155
-18.0143
-18.0131
-18.012
-18.0108
-18.0096
-18.0085
-18.0073
-18.0061
-18.005
-18.0038
-18.0026
-18.0014
-18.0003
-17.9991
-17.9979
-17.9968
-17.9956
-17.9944
-17.9933
-17.9921
-17.9909
-17.9898
-17.9886
-17.9874
-17.9863
-17.9851
-17.984
-17.9828
-17.9816
-17.9805
-17.9793
-17.9781
-17.977
-17.9758
-17.9746
-17.9735
-17.9723
-17.9712
-17.97
-17.9688
-17.9677
-17.9665
-17.9654
-17.9642
-17.963
-17.9619
-17.9607
-17.9596
-17.9584
-17.9573
-17.9561
-17.9549
-17.9538
-17.9526
-17.9515
-17.9503
-17.9492
-17.948
-17.9469
-17.9457
-17.9446
-17.9434
-17.9422
-17.9411
-17.9399
-17.9388
-17.9376
-17.9365
-17.9353
-17.9342
-17.933
-17.9319
-17.9307
-17.9296
-17.9284
-17.9273
-17.9261
-17.925
-17.9238
-17.9227
-17.9215
-17.9204
-17.9193
-17.9181
-17.917
-17.9158
-17.9147
-17.9135
-17.9124
-17.9112
-17.9101
-17.9089
-17.9078
-17.9067
-17.9055
-17.9044
-17.9032
-17.9021
-17.9009
-17.8998
-17.8987
-17.8975
-17.8964
-17.8952
-17.8941
-17.893
-17.8918
-17.8907
-17.8895
-17.8884
-17.8873
-17.8861
-17.885
-17.8839
-17.8827
-17.8816
-17.8804
-17.8793
-17.8782
-17.877
-17.8759
-17.8748
-17.8736
-17.8725
-17.8714
-17.8702
-17.8691
-17.868
-17.8668
-17.8657
-17.8646
-17.8634
-17.8623
-17.8612
-17.86
-17.8589
-17.8578
-17.8566
-17.8555
-17.8544
-17.8533
-17.8521
-17.851
-17.8499
-17.8487
-17.8476
-17.8465
-17.8454
-17.8442
-17.8431
-17.842
-17.8408
-17.8397
-17.8386
-17.8375
-17.8363
-17.8352
-17.8341
-17.833
-17.8319
-17.8307
-17.8296
-17.8285
-17.8274
-17.8262
-17.8251
-17.824
-17.8229
-17.8217
-17.8206
-17.8195
-17.8184
-17.8173
-17.8161
-17.815
-17.8139
-17.8128
-17.8117
-17.8106
-17.8094
-17.8083
-17.8072
-17.8061
-17.805
-17.8038
-17.8027
-17.8016
-17.8005
-17.7994
-17.7983
-17.7972
-17.796
-17.7949
-17.7938
-17.7927
-17.7916
-17.7905
-17.7894
-17.7882
-17.7871
-17.786
-17.7849
-17.7838
-17.7827
-17.7816
-17.7805
-17.7794
-17.7783
-17.7771
-17.776
-17.7749
-17.7738
-17.7727
-17.7716
-17.7705
-17.7694
-17.7683
-17.7672
-17.7661
-17.765
-17.7638
-17.7627
-17.7616
-17.7605
-17.7594
-17.7583
-17.7572
-17.7561
-17.755
-17.7539
-17.7528
-17.7517
-17.7506
-17.7495
-17.7484
-17.7473
-17.7462
-17.7451
-17.744
-17.7429
-17.7418
-17.7407
-17.7396
-17.7385
-17.7374
-17.7363
-17.7352
-17.7341
-17.733
-17.7319
-17.7308
-17.7297
-17.7286
-17.7275
-17.7264
-17.7253
-17.7242
-17.7231
-17.722
-17.7209
-17.7198
-17.7187
-17.7176
-17.7165
-17.7155
-17.7144
-17.7133
-17.7122
-17.7111
-17.71
-17.7089
-17.7078
-17.7067
-17.7056
-17.7045
-17.7034
-17.7024
-17.7013
-17.7002
-17.6991
-17.698
-17.6969
-17.6958
-17.6947
-17.6936
-17.6925
-17.6915
-17.6904
-17.6893
-17.6882
-17.6871
-17.686
-17.6849
-17.6839
-17.6828
-17.6817
-17.6806
-17.6795
-17.6784
-17.6773
-17.6763
-17.6752
-17.6741
-17.673
-17.6719
-17.6708
-17.6698
-17.6687
-17.6676
-17.6665
-17.6654
-17.6644
-17.6633
-17.6622
-17.6611
-17.66
-17.659
-17.6579
-17.6568
-17.6557
-17.6546
-17.6536
-17.6525
-17.6514
-17.6503
-17.6493
-17.6482
-17.6471
-17.646
-17.645
-17.6439
-17.6428
-17.6417
-17.6407
-17.6396
-17.6385
-17.6374
-17.6364
-17.6353
-17.6342
-17.6331
-17.6321
-17.631
-17.6299
-17.6288
-17.6278
-17.6267
-17.6256
-17.6246
-17.6235
-17.6224
-17.6213
-17.6203
-17.6192
-17.6181
-17.6171
-17.616
-17.6149
-17.6139
-17.6128
-17.6117
-17.6107
-17.6096
-17.6085
-17.6075
-17.6064
-17.6053
-17.6043
-17.6032
-17.6021
-17.6011
-17.6
-17.5989
-17.5979
-17.5968
-17.5957
-17.5947
-17.5936
-17.5926
-17.5915
-17.5904
-17.5894
-17.5883
-17.5872
-17.5862
-17.5851
-17.5841
-17.583
-17.5819
-17.5809
-17.5798
-17.5788
-17.5777
-17.5766
-17.5756
-17.5745
-17.5735
-17.5724
-17.5714
-17.5703
-17.5692
-17.5682
-17.5671
-17.5661
-17.565
-17.564
-17.5629
-17.5618
-17.5608
-17.5597
-17.5587
-17.5576
-17.5566
-17.5555
-17.5545
-17.5534
-17.5524
-17.5513
-17.5503
-17.5492
-17.5482
-17.5471
-17.546
-17.545
-17.5439
-17.5429
-17.5418
-17.5408
-17.5397
-17.5387
-17.5376
-17.5366
-17.5355
-17.5345
-17.5335
-17.5324
-17.5314
-17.5303
-17.5293
-17.5282
-17.5272
-17.5261
-17.5251
-17.524
-17.523
-17.5219
-17.5209
-17.5199
-17.5188
-17.5178
-17.5167
-17.5157
-17.5146
-17.5136
-17.5125
-17.5115
-17.5105
-17.5094
-17.5084
-17.5073
-17.5063
-17.5053
-17.5042
-17.5032
-17.5021
-17.5011
-17.5001
-17.499
-17.498
-17.4969
-17.4959
-17.4949
-17.4938
-17.4928
-17.4917
-17.4907
-17.4897
-17.4886
-17.4876
-17.4865
-17.4855
-17.4845
-17.4834
-17.4824
-17.4814
-17.4803
-17.4793
-17.4782
-17.4772
-17.4762
-17.4751
-17.4741
-17.4731
-17.472
-17.471
-17.47
-17.4689
-17.4679
-17.4669
-17.4658
-17.4648
-17.4638
-17.4627
-17.4617
-17.4607
-17.4597
-17.4586
-17.4576
-17.4566
-17.4555
-17.4545
-17.4535
-17.4525
-17.4514
-17.4504
-17.4494
-17.4483
-17.4473
-17.4463
-17.4453
-17.4442
-17.4432
-17.4422
-17.4412
-17.4401
-17.4391
-17.4381
-17.4371
-17.436
-17.435
-17.434
-17.433
-17.432
-17.4309
-17.4299
-17.4289
-17.4279
-17.4268
-17.4258
-17.4248
-17.4238
-17.4228
-17.4217
-17.4207
-17.4197
-17.4187
-17.4176
-17.4166
-17.4156
-17.4146
-17.4136
-17.4125
-17.4115
-17.4105
-17.4095
-17.4085
-17.4075
-17.4064
-17.4054
-17.4044
-17.4034
-17.4024
-17.4013
-17.4003
-17.3993
-17.3983
-17.3973
-17.3963
-17.3953
-17.3942
-17.3932
-17.3922
-17.3912
-17.3902
-17.3892
-17.3882
-17.3871
-17.3861
-17.3851
-17.3841
-17.3831
-17.3821
-17.3811
-17.3801
-17.379
-17.378
-17.377
-17.376
-17.375
-17.374
-17.373
-17.372
-17.371
-17.37
-17.369
-17.3679
-17.3669
-17.3659
-17.3649
-17.3639
-17.3629
-17.3619
-17.3609
-17.3599
-17.3589
-17.3579
-17.3569
-17.3559
-17.3549
-17.3538
-17.3528
-17.3518
-17.3508
-17.3498
-17.3488
-17.3478
-17.3468
-17.3458
-17.3448
-17.3438
-17.3428
-17.3418
-17.3408
-17.3398
-17.3388
-17.3378
-17.3368
-17.3358
-17.3348
-17.3338
-17.3328
-17.3318
-17.3308
-17.3298
-17.3288
-17.3278
-17.3268
-17.3258
-17.3248
-17.3238
-17.3228
-17.3218
-17.3208
-17.3198
-17.3188
-17.3178
-17.3168
-17.3158
-17.3148
-17.3138
-17.3128
-17.3118
-17.3108
-17.3099
-17.3089
-17.3079
-17.3069
-17.3059
-17.3049
-17.3039
-17.3029
-17.3019
-17.3009
-17.2999
-17.2989
-17.2979
-17.2969
-17.296
-17.295
-17.294
-17.293
-17.292
-17.291
-17.29
-17.289
-17.288
-17.287
-17.286
-17.2851
-17.2841
-17.2831
-17.2821
-17.2811
-17.2801
-17.2791
-17.2781
-17.2772
-17.2762
-17.2752
-17.2742
-17.2732
-17.2722
-17.2712
-17.2702
-17.2693
-17.2683
-17.2673
-17.2663
-17.2653
-17.2643
-17.2634
-17.2624
-17.2614
-17.2604
-17.2594
-17.2584
-17.2575
-17.2565
-17.2555
-17.2545
-17.2535
-17.2525
-17.2516
-17.2506
-17.2496
-17.2486
-17.2476
-17.2467
-17.2457
-17.2447
-17.2437
-17.2427
-17.2418
-17.2408
-17.2398
-17.2388
-17.2379
-17.2369
-17.2359
-17.2349
-17.2339
-17.233
-17.232
-17.231
-17.23
-17.2291
-17.2281
-17.2271
-17.2261
-17.2252
-17.2242
-17.2232
-17.2222
-17.2213
-17.2203
-17.2193
-17.2183
-17.2174
-17.2164
-17.2154
-17.2144
-17.2135
-17.2125
-17.2115
-17.2106
-17.2096
-17.2086
-17.2076
-17.2067
-17.2057
-17.2047
-17.2038
-17.2028
-17.2018
-17.2009
-17.1999
-17.1989
-17.1979
-17.197
-17.196
-17.195
-17.1941
-17.1931
-17.1921
-17.1912
-17.1902
-17.1892
-17.1883
-17.1873
-17.1863
-17.1854
-17.1844
-17.1834
-17.1825
-17.1815
-17.1805
-17.1796
-17.1786
-17.1776
-17.1767
-17.1757
-17.1748
-17.1738
-17.1728
-17.1719
-17.1709
-17.1699
-17.169
-17.168
-17.1671
-17.1661
-17.1651
-17.1642
-17.1632
-17.1622
-17.1613
-17.1603
-17.1594
-17.1584
-17.1574
-17.1565
-17.1555
-17.1546
-17.1536
-17.1526
-17.1517
-17.1507
-17.1498
-17.1488
-17.1479
-17.1469
-17.1459
-17.145
-17.144
-17.1431
-17.1421
-17.1412
-17.1402
-17.1393
-17.1383
-17.1373
-17.1364
-17.1354
-17.1345
-17.1335
-17.1326
-17.1316
-17.1307
-17.1297
-17.1288
-17.1278
-17.1268
-17.1259
-17.1249
-17.124
-17.123
-17.1221
-17.1211
-17.1202
-17.1192
-17.1183
-17.1173
-17.1164
-17.1154
-17.1145
-17.1135
-17.1126
-17.1116
-17.1107
-17.1097
-17.1088
-17.1078
-17.1069
-17.1059
-17.105
-17.104
-17.1031
-17.1021
-17.1012
-17.1003
-17.0993
-17.0984
-17.0974
-17.0965
-17.0955
-17.0946
-17.0936
-17.0927
-17.0917
-17.0908
-17.0899
-17.0889
-17.088
-17.087
-17.0861
-17.0851
-17.0842
-17.0832
-17.0823
-17.0814
-17.0804
-17.0795
-17.0785
-17.0776
-17.0766
-17.0757
-17.0748
-17.0738
-17.0729
-17.0719
-17.071
-17.0701
-17.0691
-17.0682
-17.0672
-17.0663
-17.0654
-17.0644
-17.0635
-17.0625
-17.0616
-17.0607
-17.0597
-17.0588
-17.0579
-17.0569
-17.056
-17.055
-17.0541
-17.0532
-17.0522
-17.0513
-17.0504
-17.0494
-17.0485
-17.0476
-17.0466
-17.5462
-17.545
-17.5439
-17.5427
-17.5416
-17.5404
-17.5393
-17.5382
-17.537
-17.5359
-17.5347
-17.5336
-17.5324
-17.5313
-17.5301
-17.529
-17.5278
-17.5267
-17.5255
-17.5244
-17.5233
-17.5221
-17.521
-17.5198
-17.5187
-17.5175
-17.5164
-17.5153
-17.5141
-17.513
-17.5118
-17.5107
-17.5096
-17.5084
-17.5073
-17.5061
-17.505
-17.5039
-17.5027
-17.5016
-17.5004
-17.4993
-17.4982
-17.497
-17.4959
-17.4948
-17.4936
-17.4925
-17.4913
-17.4902
-17.4891
-17.4879
-17.4868
-17.4857
-17.4845
-17.4834
-17.4823
-17.4811
-17.48
-17.4789
-17.4777
-17.4766
-17.4755
-17.4744
-17.4732
-17.4721
-17.471
-17.4698
-17.4687
-17.4676
-17.4664
-17.4653
-17.4642
-17.4631
-17.4619
-17.4608
-17.4597
-17.4586
-17.4574
-17.4563
-17.4552
-17.4541
-17.4529
-17.4518
-17.4507
-17.4496
-17.4484
-17.4473
-17.4462
-17.4451
-17.4439
-17.4428
-17.4417
-17.4406
-17.4395
-17.4383
-17.4372
-17.4361
-17.435
-17.4339
-17.4327
-17.4316
-17.4305
-17.4294
-17.4283
-17.4271
-17.426
-17.4249
-17.4238
-17.4227
-17.4216
-17.4204
-17.4193
-17.4182
-17.4171
-17.416
-17.4149
-17.4138
-17.4126
-17.4115
-17.4104
-17.4093
-17.4082
-17.4071
-17.406
-17.4049
-17.4037
-17.4026
-17.4015
-17.4004
-17.3993
-17.3982
-17.3971
-17.396
-17.3949
-17.3937
-17.3926
-17.3915
-17.3904
-17.3893
-17.3882
-17.3871
-17.386
-17.3849
-17.3838
-17.3827
-17.3816
-17.3805
-17.3794
-17.3783
-17.3772
-17.376
-17.3749
-17.3738
-17.3727
-17.3716
-17.3705
-17.3694
-17.3683
-17.3672
-17.3661
-17.365
-17.3639
-17.3628
-17.3617
-17.3606
-17.3595
-17.3584
-17.3573
-17.3562
-17.3551
-17.354
-17.3529
-17.3518
-17.3507
-17.3496
-17.3485
-17.3474
-17.3463
-17.3453
-17.3442
-17.3431
-17.342
-17.3409
-17.3398
-17.3387
-17.3376
-17.3365
-17.3354
-17.3343
-17.3332
-17.3321
-17.331
-17.3299
-17.3288
-17.3278
-17.3267
-17.3256
-17.3245
-17.3234
-17.3223
-17.3212
-17.3201
-17.319
-17.3179
-17.3169
-17.3158
-17.3147
-17.3136
-17.3125
-17.3114
-17.3103
-17.3092
-17.3082
-17.3071
-17.306
-17.3049
-17.3038
-17.3027
-17.3016
-17.3006
-17.2995
-17.2984
-17.2973
-17.2962
-17.2951
-17.2941
-17.293
-17.2919
-17.2908
-17.2897
-17.2887
-17.2876
-17.2865
-17.2854
-17.2843
-17.2833
-17.2822
-17.2811
-17.28
-17.2789
-17.2779
-17.2768
-17.2757
-17.2746
-17.2736
-17.2725
-17.2714
-17.2703
-17.2692
-17.2682
-17.2671
-17.266
-17.2649
-17.2639
-17.2628
-17.2617
-17.2606
-17.2596
-17.2585
-17.2574
-17.2564
-17.2553
-17.2542
-17.2531
-17.2521
-17.251
-17.2499
-17.2489
-17.2478
-17.2467
-17.2456
-17.2446
-17.2435
-17.2424
-17.2414
-17.2403
-17.2392
-17.2382
-17.2371
-17.236
-17.235
-17.2339
-17.2328
-17.2318
-17.2307
-17.2296
-17.2286
-17.2275
-17.2264
-17.2254
-17.2243
-17.2232
-17.2222
-17.2211
-17.2201
-17.219
-17.2179
-17.2169
-17.2158
-17.2147
-17.2137
-17.2126
-17.2116
-17.2105
-17.2094
-17.2084
-17.2073
-17.2063
-17.2052
-17.2041
-17.2031
-17.202
-17.201
-17.1999
-17.1988
-17.1978
-17.1967
-17.1957
-17.1946
-17.1936
-17.1925
-17.1914
-17.1904
-17.1893
-17.1883
-17.1872
-17.1862
-17.1851
-17.1841
-17.183
-17.182
-17.1809
-17.1799
-17.1788
-17.1777
-17.1767
-17.1756
-17.1746
-17.1735
-17.1725
-17.1714
-17.1704
-17.1693
-17.1683
-17.1672
-17.1662
-17.1651
-17.1641
-17.163
-17.162
-17.1609
-17.1599
-17.1589
-17.1578
-17.1568
-17.1557
-17.1547
-17.1536
-17.1526
-17.1515
-17.1505
-17.1494
-17.1484
-17.1473
-17.1463
-17.1453
-17.1442
-17.1432
-17.1421
-17.1411
-17.14
-17.139
-17.138
-17.1369
-17.1359
-17.1348
-17.1338
-17.1327
-17.1317
-17.1307
-17.1296
-17.1286
-17.1275
-17.1265
-17.1255
-17.1244
-17.1234
-17.1224
-17.1213
-17.1203
-17.1192
-17.1182
-17.1172
-17.1161
-17.1151
-17.1141
-17.113
-17.112
-17.1109
-17.1099
-17.1089
-17.1078
-17.1068
-17.1058
-17.1047
-17.1037
-17.1027
-17.1016
-17.1006
-17.0996
-17.0985
-17.0975
-17.0965
-17.0954
-17.0944
-17.0934
-17.0924
-17.0913
-17.0903
-17.0893
-17.0882
-17.0872
-17.0862
-17.0851
-17.0841
-17.0831
-17.0821
-17.081
-17.08
-17.079
-17.078
-17.0769
-17.0759
-17.0749
-17.0738
-17.0728
-17.0718
-17.0708
-17.0697
-17.0687
-17.0677
-17.0667
-17.0656
-17.0646
-17.0636
-17.0626
-17.0615
-17.0605
-17.0595
-17.0585
-17.0575
-17.0564
-17.0554
-17.0544
-17.0534
-17.0524
-17.0513
-17.0503
-17.0493
-17.0483
-17.0473
-17.0462
-17.0452
-17.0442
-17.0432
-17.0422
-17.0411
-17.0401
-17.0391
-17.0381
-17.0371
-17.0361
-17.035
-17.034
-17.033
-17.032
-17.031
-17.03
-17.0289
-17.0279
-17.0269
-17.0259
-17.0249
-17.0239
-17.0229
-17.0218
-17.0208
-17.0198
-17.0188
-17.0178
-17.0168
-17.0158
-17.0148
-17.0137
-17.0127
-17.0117
-17.0107
-17.0097
-17.0087
-17.0077
-17.0067
-17.0057
-17.0047
-17.0036
-17.0026
-17.0016
-17.0006
-16.9996
-16.9986
-16.9976
-16.9966
-16.9956
-16.9946
-16.9936
-16.9926
-16.9916
-16.9906
-16.9896
-16.9885
-16.9875
-16.9865
-16.9855
-16.9845
-16.9835
-16.9825
-16.9815
-16.9805
-16.9795
-16.9785
-16.9775
-16.9765
-16.9755
-16.9745
-16.9735
-16.9725
-16.9715
-16.9705
-16.9695
-16.9685
-16.9675
-16.9665
-16.9655
-16.9645
-16.9635
-16.9625
-16.9615
-16.9605
-16.9595
-16.9585
-16.9575
-16.9565
-16.9555
-16.9545
-16.9535
-16.9525
-16.9515
-16.9505
-16.9495
-16.9485
-16.9475
-16.9466
-16.9456
-16.9446
-16.9436
-16.9426
-16.9416
-16.9406
-16.9396
-16.9386
-16.9376
-16.9366
-16.9356
-16.9346
-16.9336
-16.9327
-16.9317
-16.9307
-16.9297
-16.9287
-16.9277
-16.9267
-16.9257
-16.9247
-16.9237
-16.9227
-16.9218
-16.9208
-16.9198
-16.9188
-16.9178
-16.9168
-16.9158
-16.9148
-16.9139
-16.9129
-16.9119
-16.9109
-16.9099
-16.9089
-16.9079
-16.907
-16.906
-16.905
-16.904
-16.903
-16.902
-16.9011
-16.9001
-16.8991
-16.8981
-16.8971
-16.8961
-16.8952
-16.8942
-16.8932
-16.8922
-16.8912
-16.8902
-16.8893
-16.8883
-16.8873
-16.8863
-16.8853
-16.8844
-16.8834
-16.8824
-16.8814
-16.8804
-16.8795
-16.8785
-16.8775
-16.8765
-16.8756
-16.8746
-16.8736
-16.8726
-16.8716
-16.8707
-16.8697
-16.8687
-16.8677
-16.8668
-16.8658
-16.8648
-16.8638
-16.8629
-16.8619
-16.8609
-16.8599
-16.859
-16.858
-16.857
-16.856
-16.8551
-16.8541
-16.8531
-16.8522
-16.8512
-16.8502
-16.8492
-16.8483
-16.8473
-16.8463
-16.8454
-16.8444
-16.8434
-16.8424
-16.8415
-16.8405
-16.8395
-16.8386
-16.8376
-16.8366
-16.8357
-16.8347
-16.8337
-16.8328
-16.8318
-16.8308
-16.8299
-16.8289
-16.8279
-16.827
-16.826
-16.825
-16.8241
-16.8231
-16.8221
-16.8212
-16.8202
-16.8192
-16.8183
-16.8173
-16.8163
-16.8154
-16.8144
-16.8135
-16.8125
-16.8115
-16.8106
-16.8096
-16.8086
-16.8077
-16.8067
-16.8058
-16.8048
-16.8038
-16.8029
-16.8019
-16.801
-16.8
-16.799
-16.7981
-16.7971
-16.7962
-16.7952
-16.7942
-16.7933
-16.7923
-16.7914
-16.7904
-16.7895
-16.7885
-16.7875
-16.7866
-16.7856
-16.7847
-16.7837
-16.7828
-16.7818
-16.7808
-16.7799
-16.7789
-16.778
-16.777
-16.7761
-16.7751
-16.7742
-16.7732
-16.7723
-16.7713
-16.7704
-16.7694
-16.7684
-16.7675
-16.7665
-16.7656
-16.7646
-16.7637
-16.7627
-16.7618
-16.7608
-16.7599
-16.7589
-16.758
-16.757
-16.7561
-16.7551
-16.7542
-16.7532
-16.7523
-16.7513
-16.7504
-16.7494
-16.7485
-16.7475
-16.7466
-16.7456
-16.7447
-16.7438
-16.7428
-16.7419
-16.7409
-16.74
-16.739
-16.7381
-16.7371
-16.7362
-16.7352
-16.7343
-16.7334
-16.7324
-16.7315
-16.7305
-16.7296
-16.7286
-16.7277
-16.7268
-16.7258
-16.7249
-16.7239
-16.723
-16.722
-16.7211
-16.7202
-16.7192
-16.7183
-16.7173
-16.7164
-16.7155
-16.7145
-16.7136
-16.7126
-16.7117
-16.7108
-16.7098
-16.7089
-16.7079
-16.707
-16.7061
-16.7051
-16.7042
-16.7033
-16.7023
-16.7014
-16.7004
-16.6995
-16.6986
-16.6976
-16.6967
-16.6958
-16.6948
-16.6939
-16.6929
-16.692
-16.6911
-16.6901
-16.6892
-16.6883
-16.6873
-16.6864
-16.6855
-16.6845
-16.6836
-16.6827
-16.6817
-16.6808
-16.6799
-16.6789
-16.678
-16.6771
-16.6761
-16.6752
-16.6743
-16.6733
-16.6724
-16.6715
-16.6706
-16.6696
-16.6687
-16.6678
-16.6668
-16.6659
-16.665
-16.6641
-16.6631
-16.6622
-16.6613
-16.6604
-16.6594
-16.6585
-16.6576
-16.6567
-16.6557
-16.6548
-16.6539
-16.653
-16.652
-16.6511
-16.6502
-16.6493
-16.6483
-16.6474
-16.6465
-16.6456
-16.6446
-16.6437
-16.6428
-16.6419
-16.6409
-16.64
-16.6391
-16.6382
-16.6372
-16.6363
-16.6354
-16.6345
-16.6336
-16.6326
-16.6317
-16.6308
-16.6299
-16.6289
-16.628
-16.6271
-16.6262
-16.6253
-16.6243
-16.6234
-16.6225
-16.6216
-16.6207
-16.6198
-16.6188
-16.6179
-16.617
-16.6161
-16.6152
-16.6142
-16.6133
-16.6124
-16.6115
-16.6106
-16.6097
-16.6087
-16.6078
-16.6069
-16.606
-16.6051
-16.6042
-16.6033
-16.6023
-16.6014
-16.6005
-16.5996
-16.5987
-16.5978
-16.5969
-16.5959
-16.595
-16.5941
-16.5932
-16.5923
-16.5914
-16.5905
-16.5896
-16.5886
-16.5877
-16.5868
-16.5859
-16.585
-16.5841
-16.5832
-16.5823
-16.5814
-16.5805
-16.5795
-16.5786
-16.5777
-16.5768
-16.5759
-16.575
-16.5741
-16.5732
-16.5723
-16.5714
-16.5705
-16.5696
-16.5686
-16.5677
-16.5668
-16.5659
-16.565
-16.5641
-16.5632
-16.5623
-16.5614
-16.5605
-16.5596
-16.5587
-16.5578
-16.5569
-16.556
-16.5551
-16.5542
-16.5533
-16.5523
-16.5514
-16.5505
-16.5496
-16.5487
-16.5478
-16.5469
-16.546
-16.5451
-16.5442
-16.5433
-16.5424
-16.5415
-16.5406
-16.5397
-16.5388
-16.5379
-16.537
-16.5361
-16.5352
-16.5343
-16.5334
-16.5325
-16.5316
-16.5307
-16.5298
-16.5289
-16.528
-16.5271
-16.5262
-16.5253
-16.5244
-16.5235
-16.5227
-16.5218
-16.5209
-16.52
-16.5191
-16.5182
-16.5173
-16.5164
-16.5155
-16.5146
-16.5137
-16.5128
-16.5119
-16.511
