16
4
-19.3797
-19.2885
-19.1999
-19.1137
-19.0299
-18.9483
-18.8689
-18.7915
-18.7161
-18.6427
-18.571
-18.5012
-18.433
-18.3665
-18.3016
-18.2382
-18.7693
-18.6799
-18.5931
-18.5086
-18.4264
-18.3464
-18.2684
-18.1925
-18.1185
-18.0464
-17.9761
-17.9074
-17.8405
-17.7751
-17.7113
-17.649
-18.1559
-18.0684
-17.9834
-17.9007
-17.8202
-17.7418
-17.6655
-17.5911
-17.5185
-17.4478
-17.3789
-17.3116
-17.2459
-17.1818
-17.1192
-17.058
-17.5907
-17.5051
-17.4218
-17.3408
-17.2619
-17.1851
-17.1102
-17.0373
-16.9662
-16.8969
-16.8292
-16.7632
-16.6988
-16.6359
-16.5744
-16.5143
