1024
4
-19.2141
-19.2128
-19.2115
-19.2102
-19.2089
-19.2076
-19.2063
-19.205
-19.2036
-19.2023
-19.201
-19.1997
-19.1984
-19.1971
-19.1958
-19.1945
-19.1932
-19.1919
-19.1906
-19.1893
-19.188
-19.1867
-19.1854
-19.1841
-19.1827
-19.1814
-19.1801
-19.1788
-19.1775
-19.1762
-19.1749
-19.1736
-19.1723
-19.171
-19.1697
-19.1684
-19.1671
-19.1658
-19.1645
-19.1632
-19.1619
-19.1606
-19.1594
-19.1581
-19.1568
-19.1555
-19.1542
-19.1529
-19.1516
-19.1503
-19.149
-19.1477
-19.1464
-19.1451
-19.1438
-19.1425
-19.1412
-19.14
-19.1387
-19.1374
-19.1361
-19.1348
-19.1335
-19.1322
-19.1309
-19.1296
-19.1284
-19.1271
-19.1258
-19.1245
-19.1232
-19.1219
-19.1206
-19.1194
-19.1181
-19.1168
-19.1155
-19.1142
-19.1129
-19.1116
-19.1104
-19.1091
-19.1078
-19.1065
-19.1052
-19.104
-19.1027
-19.1014
-19.1001
-19.0988
-19.0975
-19.0963
-19.095
-19.0937
-19.0924
-19.0911
-19.0899
-19.0886
-19.0873
-19.086
-19.0848
-19.0835
-19.0822
-19.0809
-19.0796
-19.0784
-19.0771
-19.0758
-19.0745
-19.0733
-19.072
-19.0707
-19.0695
-19.0682
-19.0669
-19.0656
-19.0644
-19.0631
-19.0618
-19.0606
-19.0593
-19.058
-19.0568
-19.0555
-19.0542
-19.053
-19.0517
-19.0504
-19.0492
-19.0479
-19.0466
-19.0454
-19.0441
-19.0428
-19.0416
-19.0403
-19.0391
-19.0378
-19.0365
-19.0353
-19.034
-19.0328
-19.0315
-19.0302
-19.029
-19.0277
-19.0265
-19.0252
-19.0239
-19.0227
-19.0214
-19.0202
-19.0189
-19.0176
-19.0164
-19.0151
-19.0139
-19.0126
-19.0114
-19.0101
-19.0088
-19.0076
-19.0063
-19.0051
-19.0038
-19.0026
-19.0013
-19.0001
-18.9988
-18.9976
-18.9963
-18.9951
-18.9938
-18.9925
-18.9913
-18.99
-18.9888
-18.9875
-18.9863
-18.985
-18.9838
-18.9825
-18.9813
-18.9801
-18.9788
-18.9776
-18.9763
-18.9751
-18.9738
-18.9726
-18.9713
-18.9701
-18.9688
-18.9676
-18.9663
-18.9651
-18.9639
-18.9626
-18.9614
-18.9601
-18.9589
-18.9577
-18.9564
-18.9552
-18.9539
-18.9527
-18.9515
-18.9502
-18.949
-18.9477
-18.9465
-18.9453
-18.944
-18.9428
-18.9415
-18.9403
-18.9391
-18.9378
-18.9366
-18.9354
-18.9341
-18.9329
-18.9317
-18.9304
-18.9292
-18.928
-18.9267
-18.9255
-18.9243
-18.923
-18.9218
-18.9206
-18.9193
-18.9181
-18.9169
-18.9156
-18.9144
-18.9132
-18.9119
-18.9107
-18.9095
-18.9083
-18.907
-18.9058
-18.9046
-18.9033
-18.9021
-18.9009
-18.8997
-18.8984
-18.8972
-18.896
-18.8948
-18.8935
-18.8923
-18.8911
-18.8899
-18.8886
-18.8874
-18.8862
-18.885
-18.8838
-18.8825
-18.8813
-18.8801
-18.8789
-18.8776
-18.8764
-18.8752
-18.874
-18.8728
-18.8716
-18.8703
-18.8691
-18.8679
-18.8667
-18.8655
-18.8642
-18.863
-18.8618
-18.8606
-18.8594
-18.8582
-18.8569
-18.8557
-18.8545
-18.8533
-18.8521
-18.8509
-18.8497
-18.8485
-18.8472
-18.846
-18.8448
-18.8436
-18.8424
-18.8412
-18.84
-18.8388
-18.8375
-18.8363
-18.8351
-18.8339
-18.8327
-18.8315
-18.8303
-18.8291
-18.8279
-18.8267
-18.8255
-18.8243
-18.8231
-18.8218
-18.8206
-18.8194
-18.8182
-18.817
-18.8158
-18.8146
-18.8134
-18.8122
-18.811
-18.8098
-18.8086
-18.8074
-18.8062
-18.805
-18.8038
-18.8026
-18.8014
-18.8002
-18.799
-18.7978
-18.7966
-18.7954
-18.7942
-18.793
-18.7918
-18.7906
-18.7894
-18.7882
-18.787
-18.7858
-18.7846
-18.7834
-18.7822
-18.781
-18.7798
-18.7786
-18.7775
-18.7763
-18.7751
-18.7739
-18.7727
-18.7715
-18.7703
-18.7691
-18.7679
-18.7667
-18.7655
-18.7643
-18.7631
-18.762
-18.7608
-18.7596
-18.7584
-18.7572
-18.756
-18.7548
-18.7536
-18.7524
-18.7513
-18.7501
-18.7489
-18.7477
-18.7465
-18.7453
-18.7441
-18.7429
-18.7418
-18.7406
-18.7394
-18.7382
-18.737
-18.7358
-18.7347
-18.7335
-18.7323
-18.7311
-18.7299
-18.7287
-18.7276
-18.7264
-18.7252
-18.724
-18.7228
-18.7217
-18.7205
-18.7193
-18.7181
-18.7169
-18.7158
-18.7146
-18.7134
-18.7122
-18.7111
-18.7099
-18.7087
-18.7075
-18.7063
-18.7052
-18.704
-18.7028
-18.7016
-18.7005
-18.6993
-18.6981
-18.6969
-18.6958
-18.6946
-18.6934
-18.6923
-18.6911
-18.6899
-18.6887
-18.6876
-18.6864
-18.6852
-18.6841
-18.6829
-18.6817
-18.6805
-18.6794
-18.6782
-18.677
-18.6759
-18.6747
-18.6735
-18.6724
-18.6712
-18.67
-18.6689
-18.6677
-18.6665
-18.6654
-18.6642
-18.663
-18.6619
-18.6607
-18.6595
-18.6584
-18.6572
-18.6561
-18.6549
-18.6537
-18.6526
-18.6514
-18.6502
-18.6491
-18.6479
-18.6468
-18.6456
-18.6444
-18.6433
-18.6421
-18.641
-18.6398
-18.6386
-18.6375
-18.6363
-18.6352
-18.634
-18.6328
-18.6317
-18.6305
-18.6294
-18.6282
-18.6271
-18.6259
-18.6248
-18.6236
-18.6224
-18.6213
-18.6201
-18.619
-18.6178
-18.6167
-18.6155
-18.6144
-18.6132
-18.6121
-18.6109
-18.6098
-18.6086
-18.6075
-18.6063
-18.6052
-18.604
-18.6029
-18.6017
-18.6006
-18.5994
-18.5983
-18.5971
-18.596
-18.5948
-18.5937
-18.5925
-18.5914
-18.5902
-18.5891
-18.5879
-18.5868
-18.5856
-18.5845
-18.5833
-18.5822
-18.5811
-18.5799
-18.5788
-18.5776
-18.5765
-18.5753
-18.5742
-18.573
-18.5719
-18.5708
-18.5696
-18.5685
-18.5673
-18.5662
-18.5651
-18.5639
-18.5628
-18.5616
-18.5605
-18.5594
-18.5582
-18.5571
-18.5559
-18.5548
-18.5537
-18.5525
-18.5514
-18.5503
-18.5491
-18.548
-18.5468
-18.5457
-18.5446
-18.5434
-18.5423
-18.5412
-18.54
-18.5389
-18.5378
-18.5366
-18.5355
-18.5344
-18.5332
-18.5321
-18.531
-18.5298
-18.5287
-18.5276
-18.5264
-18.5253
-18.5242
-18.523
-18.5219
-18.5208
-18.5197
-18.5185
-18.5174
-18.5163
-18.5151
-18.514
-18.5129
-18.5118
-18.5106
-18.5095
-18.5084
-18.5073
-18.5061
-18.505
-18.5039
-18.5027
-18.5016
-18.5005
-18.4994
-18.4982
-18.4971
-18.496
-18.4949
-18.4938
-18.4926
-18.4915
-18.4904
-18.4893
-18.4881
-18.487
-18.4859
-18.4848
-18.4837
-18.4825
-18.4814
-18.4803
-18.4792
-18.4781
-18.4769
-18.4758
-18.4747
-18.4736
-18.4725
-18.4713
-18.4702
-18.4691
-18.468
-18.4669
-18.4658
-18.4646
-18.4635
-18.4624
-18.4613
-18.4602
-18.4591
-18.458
-18.4568
-18.4557
-18.4546
-18.4535
-18.4524
-18.4513
-18.4502
-18.449
-18.4479
-18.4468
-18.4457
-18.4446
-18.4435
-18.4424
-18.4413
-18.4402
-18.4391
-18.4379
-18.4368
-18.4357
-18.4346
-18.4335
-18.4324
-18.4313
-18.4302
-18.4291
-18.428
-18.4269
-18.4258
-18.4246
-18.4235
-18.4224
-18.4213
-18.4202
-18.4191
-18.418
-18.4169
-18.4158
-18.4147
-18.4136
-18.4125
-18.4114
-18.4103
-18.4092
-18.4081
-18.407
-18.4059
-18.4048
-18.4037
-18.4026
-18.4015
-18.4004
-18.3993
-18.3982
-18.3971
-18.396
-18.3949
-18.3938
-18.3927
-18.3916
-18.3905
-18.3894
-18.3883
-18.3872
-18.3861
-18.385
-18.3839
-18.3828
-18.3817
-18.3806
-18.3795
-18.3784
-18.3773
-18.3762
-18.3751
-18.374
-18.3729
-18.3718
-18.3708
-18.3697
-18.3686
-18.3675
-18.3664
-18.3653
-18.3642
-18.3631
-18.362
-18.3609
-18.3598
-18.3587
-18.3576
-18.3566
-18.3555
-18.3544
-18.3533
-18.3522
-18.3511
-18.35
-18.3489
-18.3478
-18.3468
-18.3457
-18.3446
-18.3435
-18.3424
-18.3413
-18.3402
-18.3392
-18.3381
-18.337
-18.3359
-18.3348
-18.3337
-18.3326
-18.3316
-18.3305
-18.3294
-18.3283
-18.3272
-18.3261
-18.3251
-18.324
-18.3229
-18.3218
-18.3207
-18.3196
-18.3186
-18.3175
-18.3164
-18.3153
-18.3142
-18.3132
-18.3121
-18.311
-18.3099
-18.3088
-18.3078
-18.3067
-18.3056
-18.3045
-18.3035
-18.3024
-18.3013
-18.3002
-18.2991
-18.2981
-18.297
-18.2959
-18.2948
-18.2938
-18.2927
-18.2916
-18.2905
-18.2895
-18.2884
-18.2873
-18.2862
-18.2852
-18.2841
-18.283
-18.282
-18.2809
-18.2798
-18.2787
-18.2777
-18.2766
-18.2755
-18.2745
-18.2734
-18.2723
-18.2712
-18.2702
-18.2691
-18.268
-18.267
-18.2659
-18.2648
-18.2638
-18.2627
-18.2616
-18.2606
-18.2595
-18.2584
-18.2574
-18.2563
-18.2552
-18.2542
-18.2531
-18.252
-18.251
-18.2499
-18.2488
-18.2478
-18.2467
-18.2456
-18.2446
-18.2435
-18.2424
-18.2414
-18.2403
-18.2393
-18.2382
-18.2371
-18.2361
-18.235
-18.2339
-18.2329
-18.2318
-18.2308
-18.2297
-18.2286
-18.2276
-18.2265
-18.2255
-18.2244
-18.2233
-18.2223
-18.2212
-18.2202
-18.2191
-18.2181
-18.217
-18.2159
-18.2149
-18.2138
-18.2128
-18.2117
-18.2107
-18.2096
-18.2085
-18.2075
-18.2064
-18.2054
-18.2043
-18.2033
-18.2022
-18.2012
-18.2001
-18.1991
-18.198
-18.197
-18.1959
-18.1948
-18.1938
-18.1927
-18.1917
-18.1906
-18.1896
-18.1885
-18.1875
-18.1864
-18.1854
-18.1843
-18.1833
-18.1822
-18.1812
-18.1801
-18.1791
-18.178
-18.177
-18.1759
-18.1749
-18.1738
-18.1728
-18.1718
-18.1707
-18.1697
-18.1686
-18.1676
-18.1665
-18.1655
-18.1644
-18.1634
-18.1623
-18.1613
-18.1603
-18.1592
-18.1582
-18.1571
-18.1561
-18.155
-18.154
-18.1529
-18.1519
-18.1509
-18.1498
-18.1488
-18.1477
-18.1467
-18.1457
-18.1446
-18.1436
-18.1425
-18.1415
-18.1405
-18.1394
-18.1384
-18.1373
-18.1363
-18.1353
-18.1342
-18.1332
-18.1321
-18.1311
-18.1301
-18.129
-18.128
-18.127
-18.1259
-18.1249
-18.1238
-18.1228
-18.1218
-18.1207
-18.1197
-18.1187
-18.1176
-18.1166
-18.1156
-18.1145
-18.1135
-18.1125
-18.1114
-18.1104
-18.1094
-18.1083
-18.1073
-18.1063
-18.1052
-18.1042
-18.1032
-18.1021
-18.1011
-18.1001
-18.099
-18.098
-18.097
-18.096
-18.0949
-18.0939
-18.0929
-18.0918
-18.0908
-18.0898
-18.0888
-18.0877
-18.0867
-18.0857
-18.0846
-18.0836
-18.0826
-18.0816
-18.0805
-18.0795
-18.0785
-18.0775
-18.0764
-18.0754
-18.0744
-18.0734
-18.0723
-18.0713
-18.0703
-18.0693
-18.0682
-18.0672
-18.0662
-18.0652
-18.0641
-18.0631
-18.0621
-18.0611
-18.0601
-18.059
-18.058
-18.057
-18.056
-18.055
-18.0539
-18.0529
-18.0519
-18.0509
-18.0499
-18.0488
-18.0478
-18.0468
-18.0458
-18.0448
-18.0437
-18.0427
-18.0417
-18.0407
-18.0397
-18.0387
-18.0376
-18.0366
-18.0356
-18.6878
-18.6865
-18.6853
-18.684
-18.6828
-18.6815
-18.6803
-18.679
-18.6777
-18.6765
-18.6752
-18.674
-18.6727
-18.6715
-18.6702
-18.669
-18.6677
-18.6665
-18.6652
-18.664
-18.6627
-18.6615
-18.6602
-18.659
-18.6577
-18.6565
-18.6552
-18.654
-18.6527
-18.6515
-18.6502
-18.649
-18.6477
-18.6465
-18.6452
-18.644
-18.6427
-18.6415
-18.6402
-18.639
-18.6378
-18.6365
-18.6353
-18.634
-18.6328
-18.6315
-18.6303
-18.6291
-18.6278
-18.6266
-18.6253
-18.6241
-18.6228
-18.6216
-18.6204
-18.6191
-18.6179
-18.6167
-18.6154
-18.6142
-18.6129
-18.6117
-18.6105
-18.6092
-18.608
-18.6068
-18.6055
-18.6043
-18.6031
-18.6018
-18.6006
-18.5993
-18.5981
-18.5969
-18.5957
-18.5944
-18.5932
-18.592
-18.5907
-18.5895
-18.5883
-18.587
-18.5858
-18.5846
-18.5833
-18.5821
-18.5809
-18.5797
-18.5784
-18.5772
-18.576
-18.5747
-18.5735
-18.5723
-18.5711
-18.5698
-18.5686
-18.5674
-18.5662
-18.5649
-18.5637
-18.5625
-18.5613
-18.56
-18.5588
-18.5576
-18.5564
-18.5552
-18.5539
-18.5527
-18.5515
-18.5503
-18.5491
-18.5478
-18.5466
-18.5454
-18.5442
-18.543
-18.5417
-18.5405
-18.5393
-18.5381
-18.5369
-18.5357
-18.5344
-18.5332
-18.532
-18.5308
-18.5296
-18.5284
-18.5272
-18.5259
-18.5247
-18.5235
-18.5223
-18.5211
-18.5199
-18.5187
-18.5175
-18.5162
-18.515
-18.5138
-18.5126
-18.5114
-18.5102
-18.509
-18.5078
-18.5066
-18.5054
-18.5041
-18.5029
-18.5017
-18.5005
-18.4993
-18.4981
-18.4969
-18.4957
-18.4945
-18.4933
-18.4921
-18.4909
-18.4897
-18.4885
-18.4873
-18.4861
-18.4849
-18.4837
-18.4825
-18.4813
-18.4801
-18.4789
-18.4777
-18.4765
-18.4753
-18.4741
-18.4729
-18.4717
-18.4705
-18.4693
-18.4681
-18.4669
-18.4657
-18.4645
-18.4633
-18.4621
-18.4609
-18.4597
-18.4585
-18.4573
-18.4561
-18.4549
-18.4537
-18.4525
-18.4513
-18.4501
-18.4489
-18.4477
-18.4465
-18.4454
-18.4442
-18.443
-18.4418
-18.4406
-18.4394
-18.4382
-18.437
-18.4358
-18.4346
-18.4335
-18.4323
-18.4311
-18.4299
-18.4287
-18.4275
-18.4263
-18.4251
-18.424
-18.4228
-18.4216
-18.4204
-18.4192
-18.418
-18.4168
-18.4157
-18.4145
-18.4133
-18.4121
-18.4109
-18.4097
-18.4086
-18.4074
-18.4062
-18.405
-18.4038
-18.4026
-18.4015
-18.4003
-18.3991
-18.3979
-18.3968
-18.3956
-18.3944
-18.3932
-18.392
-18.3909
-18.3897
-18.3885
-18.3873
-18.3862
-18.385
-18.3838
-18.3826
-18.3815
-18.3803
-18.3791
-18.3779
-18.3768
-18.3756
-18.3744
-18.3732
-18.3721
-18.3709
-18.3697
-18.3685
-18.3674
-18.3662
-18.365
-18.3639
-18.3627
-18.3615
-18.3603
-18.3592
-18.358
-18.3568
-18.3557
-18.3545
-18.3533
-18.3522
-18.351
-18.3498
-18.3487
-18.3475
-18.3463
-18.3452
-18.344
-18.3428
-18.3417
-18.3405
-18.3393
-18.3382
-18.337
-18.3359
-18.3347
-18.3335
-18.3324
-18.3312
-18.33
-18.3289
-18.3277
-18.3266
-18.3254
-18.3242
-18.3231
-18.3219
-18.3208
-18.3196
-18.3184
-18.3173
-18.3161
-18.315
-18.3138
-18.3127
-18.3115
-18.3103
-18.3092
-18.308
-18.3069
-18.3057
-18.3046
-18.3034
-18.3023
-18.3011
-18.3
-18.2988
-18.2976
-18.2965
-18.2953
-18.2942
-18.293
-18.2919
-18.2907
-18.2896
-18.2884
-18.2873
-18.2861
-18.285
-18.2838
-18.2827
-18.2815
-18.2804
-18.2792
-18.2781
-18.2769
-18.2758
-18.2746
-18.2735
-18.2723
-18.2712
-18.27
-18.2689
-18.2677
-18.2666
-18.2654
-18.2643
-18.2631
-18.262
-18.2609
-18.2597
-18.2586
-18.2574
-18.2563
-18.2551
-18.254
-18.2529
-18.2517
-18.2506
-18.2494
-18.2483
-18.2472
-18.246
-18.2449
-18.2437
-18.2426
-18.2415
-18.2403
-18.2392
-18.2381
-18.2369
-18.2358
-18.2347
-18.2335
-18.2324
-18.2312
-18.2301
-18.229
-18.2278
-18.2267
-18.2256
-18.2244
-18.2233
-18.2222
-18.221
-18.2199
-18.2188
-18.2176
-18.2165
-18.2154
-18.2142
-18.2131
-18.212
-18.2108
-18.2097
-18.2086
-18.2074
-18.2063
-18.2052
-18.2041
-18.2029
-18.2018
-18.2007
-18.1995
-18.1984
-18.1973
-18.1962
-18.195
-18.1939
-18.1928
-18.1916
-18.1905
-18.1894
-18.1883
-18.1871
-18.186
-18.1849
-18.1838
-18.1826
-18.1815
-18.1804
-18.1793
-18.1781
-18.177
-18.1759
-18.1748
-18.1737
-18.1725
-18.1714
-18.1703
-18.1692
-18.1681
-18.1669
-18.1658
-18.1647
-18.1636
-18.1625
-18.1613
-18.1602
-18.1591
-18.158
-18.1569
-18.1558
-18.1546
-18.1535
-18.1524
-18.1513
-18.1502
-18.1491
-18.1479
-18.1468
-18.1457
-18.1446
-18.1435
-18.1424
-18.1413
-18.1401
-18.139
-18.1379
-18.1368
-18.1357
-18.1346
-18.1335
-18.1324
-18.1312
-18.1301
-18.129
-18.1279
-18.1268
-18.1257
-18.1246
-18.1235
-18.1224
-18.1213
-18.1201
-18.119
-18.1179
-18.1168
-18.1157
-18.1146
-18.1135
-18.1124
-18.1113
-18.1102
-18.1091
-18.108
-18.1069
-18.1058
-18.1047
-18.1035
-18.1024
-18.1013
-18.1002
-18.0991
-18.098
-18.0969
-18.0958
-18.0947
-18.0936
-18.0925
-18.0914
-18.0903
-18.0892
-18.0881
-18.087
-18.0859
-18.0848
-18.0837
-18.0826
-18.0815
-18.0804
-18.0793
-18.0782
-18.0771
-18.076
-18.0749
-18.0738
-18.0727
-18.0716
-18.0705
-18.0695
-18.0684
-18.0673
-18.0662
-18.0651
-18.064
-18.0629
-18.0618
-18.0607
-18.0596
-18.0585
-18.0574
-18.0563
-18.0552
-18.0541
-18.053
-18.052
-18.0509
-18.0498
-18.0487
-18.0476
-18.0465
-18.0454
-18.0443
-18.0432
-18.0421
-18.041
-18.04
-18.0389
-18.0378
-18.0367
-18.0356
-18.0345
-18.0334
-18.0323
-18.0313
-18.0302
-18.0291
-18.028
-18.0269
-18.0258
-18.0247
-18.0237
-18.0226
-18.0215
-18.0204
-18.0193
-18.0182
-18.0172
-18.0161
-18.015
-18.0139
-18.0128
-18.0118
-18.0107
-18.0096
-18.0085
-18.0074
-18.0063
-18.0053
-18.0042
-18.0031
-18.002
-18.0009
-17.9999
-17.9988
-17.9977
-17.9966
-17.9956
-17.9945
-17.9934
-17.9923
-17.9912
-17.9902
-17.9891
-17.988
-17.9869
-17.9859
-17.9848
-17.9837
-17.9826
-17.9816
-17.9805
-17.9794
-17.9783
-17.9773
-17.9762
-17.9751
-17.9741
-17.973
-17.9719
-17.9708
-17.9698
-17.9687
-17.9676
-17.9666
-17.9655
-17.9644
-17.9633
-17.9623
-17.9612
-17.9601
-17.9591
-17.958
-17.9569
-17.9559
-17.9548
-17.9537
-17.9527
-17.9516
-17.9505
-17.9495
-17.9484
-17.9473
-17.9463
-17.9452
-17.9441
-17.9431
-17.942
-17.9409
-17.9399
-17.9388
-17.9377
-17.9367
-17.9356
-17.9345
-17.9335
-17.9324
-17.9314
-17.9303
-17.9292
-17.9282
-17.9271
-17.9261
-17.925
-17.9239
-17.9229
-17.9218
-17.9208
-17.9197
-17.9186
-17.9176
-17.9165
-17.9155
-17.9144
-17.9133
-17.9123
-17.9112
-17.9102
-17.9091
-17.9081
-17.907
-17.9059
-17.9049
-17.9038
-17.9028
-17.9017
-17.9007
-17.8996
-17.8986
-17.8975
-17.8964
-17.8954
-17.8943
-17.8933
-17.8922
-17.8912
-17.8901
-17.8891
-17.888
-17.887
-17.8859
-17.8849
-17.8838
-17.8828
-17.8817
-17.8807
-17.8796
-17.8786
-17.8775
-17.8765
-17.8754
-17.8744
-17.8733
-17.8723
-17.8712
-17.8702
-17.8691
-17.8681
-17.867
-17.866
-17.8649
-17.8639
-17.8628
-17.8618
-17.8608
-17.8597
-17.8587
-17.8576
-17.8566
-17.8555
-17.8545
-17.8534
-17.8524
-17.8514
-17.8503
-17.8493
-17.8482
-17.8472
-17.8461
-17.8451
-17.8441
-17.843
-17.842
-17.8409
-17.8399
-17.8389
-17.8378
-17.8368
-17.8357
-17.8347
-17.8337
-17.8326
-17.8316
-17.8305
-17.8295
-17.8285
-17.8274
-17.8264
-17.8254
-17.8243
-17.8233
-17.8222
-17.8212
-17.8202
-17.8191
-17.8181
-17.8171
-17.816
-17.815
-17.814
-17.8129
-17.8119
-17.8109
-17.8098
-17.8088
-17.8078
-17.8067
-17.8057
-17.8047
-17.8036
-17.8026
-17.8016
-17.8005
-17.7995
-17.7985
-17.7974
-17.7964
-17.7954
-17.7944
-17.7933
-17.7923
-17.7913
-17.7902
-17.7892
-17.7882
-17.7871
-17.7861
-17.7851
-17.7841
-17.783
-17.782
-17.781
-17.78
-17.7789
-17.7779
-17.7769
-17.7759
-17.7748
-17.7738
-17.7728
-17.7718
-17.7707
-17.7697
-17.7687
-17.7677
-17.7666
-17.7656
-17.7646
-17.7636
-17.7625
-17.7615
-17.7605
-17.7595
-17.7585
-17.7574
-17.7564
-17.7554
-17.7544
-17.7533
-17.7523
-17.7513
-17.7503
-17.7493
-17.7482
-17.7472
-17.7462
-17.7452
-17.7442
-17.7432
-17.7421
-17.7411
-17.7401
-17.7391
-17.7381
-17.7371
-17.736
-17.735
-17.734
-17.733
-17.732
-17.731
-17.7299
-17.7289
-17.7279
-17.7269
-17.7259
-17.7249
-17.7239
-17.7228
-17.7218
-17.7208
-17.7198
-17.7188
-17.7178
-17.7168
-17.7158
-17.7147
-17.7137
-17.7127
-17.7117
-17.7107
-17.7097
-17.7087
-17.7077
-17.7067
-17.7057
-17.7046
-17.7036
-17.7026
-17.7016
-17.7006
-17.6996
-17.6986
-17.6976
-17.6966
-17.6956
-17.6946
-17.6936
-17.6925
-17.6915
-17.6905
-17.6895
-17.6885
-17.6875
-17.6865
-17.6855
-17.6845
-17.6835
-17.6825
-17.6815
-17.6805
-17.6795
-17.6785
-17.6775
-17.6765
-17.6755
-17.6745
-17.6735
-17.6725
-17.6715
-17.6705
-17.6695
-17.6685
-17.6675
-17.6665
-17.6655
-17.6645
-17.6635
-17.6625
-17.6615
-17.6605
-17.6595
-17.6585
-17.6575
-17.6565
-17.6555
-17.6545
-17.6535
-17.6525
-17.6515
-17.6505
-17.6495
-17.6485
-17.6475
-17.6465
-17.6455
-17.6445
-17.6435
-17.6425
-17.6415
-17.6405
-17.6395
-17.6385
-17.6375
-17.6365
-17.6356
-17.6346
-17.6336
-17.6326
-17.6316
-17.6306
-17.6296
-17.6286
-17.6276
-17.6266
-17.6256
-17.6246
-17.6236
-17.6227
-17.6217
-17.6207
-17.6197
-17.6187
-17.6177
-17.6167
-17.6157
-17.6147
-17.6138
-17.6128
-17.6118
-17.6108
-17.6098
-17.6088
-17.6078
-17.6068
-17.6058
-17.6049
-17.6039
-17.6029
-17.6019
-17.6009
-17.5999
-17.5989
-17.598
-17.597
-17.596
-17.595
-17.594
-17.593
-17.5921
-17.5911
-17.5901
-17.5891
-17.5881
-17.5871
-17.5862
-17.5852
-17.5842
-17.5832
-17.5822
-17.5812
-17.5803
-17.5793
-17.5783
-17.5773
-17.5763
-17.5754
-17.5744
-17.5734
-17.5724
-17.5714
-17.5705
-17.5695
-17.5685
-17.5675
-17.5666
-17.5656
-17.5646
-17.5636
-17.5626
-17.5617
-17.5607
-17.5597
-17.5587
-17.5578
-17.5568
-18.0832
-18.082
-18.0808
-18.0796
-18.0784
-18.0772
-18.076
-18.0748
-18.0736
-18.0724
-18.0712
-18.07
-18.0688
-18.0676
-18.0664
-18.0652
-18.064
-18.0628
-18.0616
-18.0604
-18.0592
-18.058
-18.0568
-18.0556
-18.0544
-18.0533
-18.0521
-18.0509
-18.0497
-18.0485
-18.0473
-18.0461
-18.0449
-18.0437
-18.0425
-18.0413
-18.0401
-18.039
-18.0378
-18.0366
-18.0354
-18.0342
-18.033
-18.0318
-18.0306
-18.0294
-18.0283
-18.0271
-18.0259
-18.0247
-18.0235
-18.0223
-18.0211
-18.02
-18.0188
-18.0176
-18.0164
-18.0152
-18.014
-18.0129
-18.0117
-18.0105
-18.0093
-18.0081
-18.007
-18.0058
-18.0046
-18.0034
-18.0022
-18.0011
-17.9999
-17.9987
-17.9975
-17.9963
-17.9952
-17.994
-17.9928
-17.9916
-17.9905
-17.9893
-17.9881
-17.9869
-17.9857
-17.9846
-17.9834
-17.9822
-17.9811
-17.9799
-17.9787
-17.9775
-17.9764
-17.9752
-17.974
-17.9728
-17.9717
-17.9705
-17.9693
-17.9682
-17.967
-17.9658
-17.9647
-17.9635
-17.9623
-17.9611
-17.96
-17.9588
-17.9576
-17.9565
-17.9553
-17.9541
-17.953
-17.9518
-17.9506
-17.9495
-17.9483
-17.9471
-17.946
-17.9448
-17.9437
-17.9425
-17.9413
-17.9402
-17.939
-17.9378
-17.9367
-17.9355
-17.9344
-17.9332
-17.932
-17.9309
-17.9297
-17.9286
-17.9274
-17.9262
-17.9251
-17.9239
-17.9228
-17.9216
-17.9204
-17.9193
-17.9181
-17.917
-17.9158
-17.9147
-17.9135
-17.9124
-17.9112
-17.91
-17.9089
-17.9077
-17.9066
-17.9054
-17.9043
-17.9031
-17.902
-17.9008
-17.8997
-17.8985
-17.8974
-17.8962
-17.8951
-17.8939
-17.8928
-17.8916
-17.8905
-17.8893
-17.8882
-17.887
-17.8859
-17.8847
-17.8836
-17.8824
-17.8813
-17.8801
-17.879
-17.8778
-17.8767
-17.8755
-17.8744
-17.8733
-17.8721
-17.871
-17.8698
-17.8687
-17.8675
-17.8664
-17.8652
-17.8641
-17.863
-17.8618
-17.8607
-17.8595
-17.8584
-17.8573
-17.8561
-17.855
-17.8538
-17.8527
-17.8516
-17.8504
-17.8493
-17.8481
-17.847
-17.8459
-17.8447
-17.8436
-17.8425
-17.8413
-17.8402
-17.839
-17.8379
-17.8368
-17.8356
-17.8345
-17.8334
-17.8322
-17.8311
-17.83
-17.8288
-17.8277
-17.8266
-17.8254
-17.8243
-17.8232
-17.822
-17.8209
-17.8198
-17.8187
-17.8175
-17.8164
-17.8153
-17.8141
-17.813
-17.8119
-17.8107
-17.8096
-17.8085
-17.8074
-17.8062
-17.8051
-17.804
-17.8029
-17.8017
-17.8006
-17.7995
-17.7984
-17.7972
-17.7961
-17.795
-17.7939
-17.7927
-17.7916
-17.7905
-17.7894
-17.7882
-17.7871
-17.786
-17.7849
-17.7838
-17.7826
-17.7815
-17.7804
-17.7793
-17.7782
-17.777
-17.7759
-17.7748
-17.7737
-17.7726
-17.7714
-17.7703
-17.7692
-17.7681
-17.767
-17.7659
-17.7647
-17.7636
-17.7625
-17.7614
-17.7603
-17.7592
-17.758
-17.7569
-17.7558
-17.7547
-17.7536
-17.7525
-17.7514
-17.7503
-17.7491
-17.748
-17.7469
-17.7458
-17.7447
-17.7436
-17.7425
-17.7414
-17.7403
-17.7391
-17.738
-17.7369
-17.7358
-17.7347
-17.7336
-17.7325
-17.7314
-17.7303
-17.7292
-17.7281
-17.727
-17.7258
-17.7247
-17.7236
-17.7225
-17.7214
-17.7203
-17.7192
-17.7181
-17.717
-17.7159
-17.7148
-17.7137
-17.7126
-17.7115
-17.7104
-17.7093
-17.7082
-17.7071
-17.706
-17.7049
-17.7038
-17.7027
-17.7016
-17.7005
-17.6994
-17.6983
-17.6972
-17.6961
-17.695
-17.6939
-17.6928
-17.6917
-17.6906
-17.6895
-17.6884
-17.6873
-17.6862
-17.6851
-17.684
-17.6829
-17.6818
-17.6807
-17.6796
-17.6785
-17.6775
-17.6764
-17.6753
-17.6742
-17.6731
-17.672
-17.6709
-17.6698
-17.6687
-17.6676
-17.6665
-17.6654
-17.6644
-17.6633
-17.6622
-17.6611
-17.66
-17.6589
-17.6578
-17.6567
-17.6556
-17.6545
-17.6535
-17.6524
-17.6513
-17.6502
-17.6491
-17.648
-17.6469
-17.6459
-17.6448
-17.6437
-17.6426
-17.6415
-17.6404
-17.6393
-17.6383
-17.6372
-17.6361
-17.635
-17.6339
-17.6328
-17.6318
-17.6307
-17.6296
-17.6285
-17.6274
-17.6264
-17.6253
-17.6242
-17.6231
-17.622
-17.621
-17.6199
-17.6188
-17.6177
-17.6166
-17.6156
-17.6145
-17.6134
-17.6123
-17.6113
-17.6102
-17.6091
-17.608
-17.6069
-17.6059
-17.6048
-17.6037
-17.6026
-17.6016
-17.6005
-17.5994
-17.5984
-17.5973
-17.5962
-17.5951
-17.5941
-17.593
-17.5919
-17.5908
-17.5898
-17.5887
-17.5876
-17.5866
-17.5855
-17.5844
-17.5833
-17.5823
-17.5812
-17.5801
-17.5791
-17.578
-17.5769
-17.5759
-17.5748
-17.5737
-17.5727
-17.5716
-17.5705
-17.5695
-17.5684
-17.5673
-17.5663
-17.5652
-17.5641
-17.5631
-17.562
-17.5609
-17.5599
-17.5588
-17.5577
-17.5567
-17.5556
-17.5546
-17.5535
-17.5524
-17.5514
-17.5503
-17.5492
-17.5482
-17.5471
-17.5461
-17.545
-17.5439
-17.5429
-17.5418
-17.5408
-17.5397
-17.5386
-17.5376
-17.5365
-17.5355
-17.5344
-17.5334
-17.5323
-17.5312
-17.5302
-17.5291
-17.5281
-17.527
-17.526
-17.5249
-17.5238
-17.5228
-17.5217
-17.5207
-17.5196
-17.5186
-17.5175
-17.5165
-17.5154
-17.5144
-17.5133
-17.5123
-17.5112
-17.5101
-17.5091
-17.508
-17.507
-17.5059
-17.5049
-17.5038
-17.5028
-17.5017
-17.5007
-17.4996
-17.4986
-17.4975
-17.4965
-17.4955
-17.4944
-17.4934
-17.4923
-17.4913
-17.4902
-17.4892
-17.4881
-17.4871
-17.486
-17.485
-17.4839
-17.4829
-17.4819
-17.4808
-17.4798
-17.4787
-17.4777
-17.4766
-17.4756
-17.4745
-17.4735
-17.4725
-17.4714
-17.4704
-17.4693
-17.4683
-17.4673
-17.4662
-17.4652
-17.4641
-17.4631
-17.462
-17.461
-17.46
-17.4589
-17.4579
-17.4568
-17.4558
-17.4548
-17.4537
-17.4527
-17.4516
-17.4506
-17.4496
-17.4485
-17.4475
-17.4465
-17.4454
-17.4444
-17.4433
-17.4423
-17.4413
-17.4402
-17.4392
-17.4382
-17.4371
-17.4361
-17.4351
-17.434
-17.433
-17.432
-17.4309
-17.4299
-17.4289
-17.4278
-17.4268
-17.4258
-17.4247
-17.4237
-17.4227
-17.4217
-17.4206
-17.4196
-17.4186
-17.4175
-17.4165
-17.4155
-17.4145
-17.4134
-17.4124
-17.4114
-17.4104
-17.4093
-17.4083
-17.4073
-17.4063
-17.4052
-17.4042
-17.4032
-17.4022
-17.4011
-17.4001
-17.3991
-17.3981
-17.397
-17.396
-17.395
-17.394
-17.3929
-17.3919
-17.3909
-17.3899
-17.3888
-17.3878
-17.3868
-17.3858
-17.3848
-17.3837
-17.3827
-17.3817
-17.3807
-17.3796
-17.3786
-17.3776
-17.3766
-17.3756
-17.3745
-17.3735
-17.3725
-17.3715
-17.3705
-17.3695
-17.3684
-17.3674
-17.3664
-17.3654
-17.3644
-17.3634
-17.3623
-17.3613
-17.3603
-17.3593
-17.3583
-17.3573
-17.3562
-17.3552
-17.3542
-17.3532
-17.3522
-17.3512
-17.3502
-17.3491
-17.3481
-17.3471
-17.3461
-17.3451
-17.3441
-17.3431
-17.3421
-17.3411
-17.34
-17.339
-17.338
-17.337
-17.336
-17.335
-17.334
-17.333
-17.332
-17.331
-17.33
-17.3289
-17.3279
-17.3269
-17.3259
-17.3249
-17.3239
-17.3229
-17.3219
-17.3209
-17.3199
-17.3189
-17.3179
-17.3169
-17.3159
-17.3149
-17.3138
-17.3128
-17.3118
-17.3108
-17.3098
-17.3088
-17.3078
-17.3068
-17.3058
-17.3048
-17.3038
-17.3028
-17.3018
-17.3008
-17.2998
-17.2988
-17.2978
-17.2968
-17.2958
-17.2948
-17.2938
-17.2928
-17.2918
-17.2908
-17.2898
-17.2888
-17.2878
-17.2868
-17.2858
-17.2848
-17.2838
-17.2828
-17.2818
-17.2808
-17.2798
-17.2788
-17.2778
-17.2768
-17.2759
-17.2749
-17.2739
-17.2729
-17.2719
-17.2709
-17.2699
-17.2689
-17.2679
-17.2669
-17.2659
-17.2649
-17.2639
-17.2629
-17.2619
-17.2609
-17.26
-17.259
-17.258
-17.257
-17.256
-17.255
-17.254
-17.253
-17.252
-17.251
-17.25
-17.2491
-17.2481
-17.2471
-17.2461
-17.2451
-17.2441
-17.2431
-17.2421
-17.2411
-17.2402
-17.2392
-17.2382
-17.2372
-17.2362
-17.2352
-17.2342
-17.2333
-17.2323
-17.2313
-17.2303
-17.2293
-17.2283
-17.2273
-17.2264
-17.2254
-17.2244
-17.2234
-17.2224
-17.2214
-17.2205
-17.2195
-17.2185
-17.2175
-17.2165
-17.2156
-17.2146
-17.2136
-17.2126
-17.2116
-17.2107
-17.2097
-17.2087
-17.2077
-17.2067
-17.2058
-17.2048
-17.2038
-17.2028
-17.2018
-17.2009
-17.1999
-17.1989
-17.1979
-17.1969
-17.196
-17.195
-17.194
-17.193
-17.1921
-17.1911
-17.1901
-17.1891
-17.1882
-17.1872
-17.1862
-17.1852
-17.1843
-17.1833
-17.1823
-17.1813
-17.1804
-17.1794
-17.1784
-17.1774
-17.1765
-17.1755
-17.1745
-17.1736
-17.1726
-17.1716
-17.1706
-17.1697
-17.1687
-17.1677
-17.1668
-17.1658
-17.1648
-17.1639
-17.1629
-17.1619
-17.1609
-17.16
-17.159
-17.158
-17.1571
-17.1561
-17.1551
-17.1542
-17.1532
-17.1522
-17.1513
-17.1503
-17.1493
-17.1484
-17.1474
-17.1464
-17.1455
-17.1445
-17.1435
-17.1426
-17.1416
-17.1406
-17.1397
-17.1387
-17.1378
-17.1368
-17.1358
-17.1349
-17.1339
-17.1329
-17.132
-17.131
-17.1301
-17.1291
-17.1281
-17.1272
-17.1262
-17.1252
-17.1243
-17.1233
-17.1224
-17.1214
-17.1204
-17.1195
-17.1185
-17.1176
-17.1166
-17.1156
-17.1147
-17.1137
-17.1128
-17.1118
-17.1109
-17.1099
-17.1089
-17.108
-17.107
-17.1061
-17.1051
-17.1042
-17.1032
-17.1023
-17.1013
-17.1003
-17.0994
-17.0984
-17.0975
-17.0965
-17.0956
-17.0946
-17.0937
-17.0927
-17.0918
-17.0908
-17.0898
-17.0889
-17.0879
-17.087
-17.086
-17.0851
-17.0841
-17.0832
-17.0822
-17.0813
-17.0803
-17.0794
-17.0784
-17.0775
-17.0765
-17.0756
-17.0746
-17.0737
-17.0727
-17.0718
-17.0708
-17.0699
-17.0689
-17.068
-17.067
-17.0661
-17.0651
-17.0642
-17.0633
-17.0623
-17.0614
-17.0604
-17.0595
-17.0585
-17.0576
-17.0566
-17.0557
-17.0547
-17.0538
-17.0529
-17.0519
-17.051
-17.05
-17.0491
-17.0481
-17.0472
-17.0462
-17.0453
-17.0444
-17.0434
-17.0425
-17.0415
-17.0406
-17.0396
-17.0387
-17.0378
-17.0368
-17.0359
-17.0349
-17.034
-17.0331
-17.0321
-17.0312
-17.0302
-17.0293
-17.0284
-17.0274
-17.0265
-17.0255
-17.0246
-17.0237
-17.0227
-17.0218
-17.0209
-17.0199
-17.019
-17.018
-17.0171
-17.0162
-17.0152
-17.0143
-17.0134
-17.0124
-17.0115
-17.0106
-17.0096
-17.0087
-17.0078
-17.0068
-17.0059
-17.005
-17.004
-17.0031
-17.0022
-17.5143
-17.5131
-17.512
-17.5108
-17.5097
-17.5085
-17.5074
-17.5062
-17.5051
-17.5039
-17.5028
-17.5016
-17.5005
-17.4993
-17.4982
-17.4971
-17.4959
-17.4948
-17.4936
-17.4925
-17.4913
-17.4902
-17.4891
-17.4879
-17.4868
-17.4856
-17.4845
-17.4833
-17.4822
-17.4811
-17.4799
-17.4788
-17.4777
-17.4765
-17.4754
-17.4742
-17.4731
-17.472
-17.4708
-17.4697
-17.4686
-17.4674
-17.4663
-17.4651
-17.464
-17.4629
-17.4617
-17.4606
-17.4595
-17.4583
-17.4572
-17.4561
-17.4549
-17.4538
-17.4527
-17.4515
-17.4504
-17.4493
-17.4481
-17.447
-17.4459
-17.4448
-17.4436
-17.4425
-17.4414
-17.4402
-17.4391
-17.438
-17.4369
-17.4357
-17.4346
-17.4335
-17.4323
-17.4312
-17.4301
-17.429
-17.4278
-17.4267
-17.4256
-17.4245
-17.4233
-17.4222
-17.4211
-17.42
-17.4189
-17.4177
-17.4166
-17.4155
-17.4144
-17.4132
-17.4121
-17.411
-17.4099
-17.4088
-17.4076
-17.4065
-17.4054
-17.4043
-17.4032
-17.402
-17.4009
-17.3998
-17.3987
-17.3976
-17.3965
-17.3953
-17.3942
-17.3931
-17.392
-17.3909
-17.3898
-17.3887
-17.3875
-17.3864
-17.3853
-17.3842
-17.3831
-17.382
-17.3809
-17.3797
-17.3786
-17.3775
-17.3764
-17.3753
-17.3742
-17.3731
-17.372
-17.3709
-17.3697
-17.3686
-17.3675
-17.3664
-17.3653
-17.3642
-17.3631
-17.362
-17.3609
-17.3598
-17.3587
-17.3576
-17.3565
-17.3553
-17.3542
-17.3531
-17.352
-17.3509
-17.3498
-17.3487
-17.3476
-17.3465
-17.3454
-17.3443
-17.3432
-17.3421
-17.341
-17.3399
-17.3388
-17.3377
-17.3366
-17.3355
-17.3344
-17.3333
-17.3322
-17.3311
-17.33
-17.3289
-17.3278
-17.3267
-17.3256
-17.3245
-17.3234
-17.3223
-17.3212
-17.3201
-17.319
-17.3179
-17.3168
-17.3157
-17.3146
-17.3135
-17.3125
-17.3114
-17.3103
-17.3092
-17.3081
-17.307
-17.3059
-17.3048
-17.3037
-17.3026
-17.3015
-17.3004
-17.2993
-17.2983
-17.2972
-17.2961
-17.295
-17.2939
-17.2928
-17.2917
-17.2906
-17.2895
-17.2884
-17.2874
-17.2863
-17.2852
-17.2841
-17.283
-17.2819
-17.2808
-17.2798
-17.2787
-17.2776
-17.2765
-17.2754
-17.2743
-17.2732
-17.2722
-17.2711
-17.27
-17.2689
-17.2678
-17.2667
-17.2657
-17.2646
-17.2635
-17.2624
-17.2613
-17.2603
-17.2592
-17.2581
-17.257
-17.2559
-17.2549
-17.2538
-17.2527
-17.2516
-17.2505
-17.2495
-17.2484
-17.2473
-17.2462
-17.2452
-17.2441
-17.243
-17.2419
-17.2409
-17.2398
-17.2387
-17.2376
-17.2366
-17.2355
-17.2344
-17.2333
-17.2323
-17.2312
-17.2301
-17.229
-17.228
-17.2269
-17.2258
-17.2248
-17.2237
-17.2226
-17.2215
-17.2205
-17.2194
-17.2183
-17.2173
-17.2162
-17.2151
-17.2141
-17.213
-17.2119
-17.2109
-17.2098
-17.2087
-17.2077
-17.2066
-17.2055
-17.2045
-17.2034
-17.2023
-17.2013
-17.2002
-17.1991
-17.1981
-17.197
-17.1959
-17.1949
-17.1938
-17.1927
-17.1917
-17.1906
-17.1896
-17.1885
-17.1874
-17.1864
-17.1853
-17.1843
-17.1832
-17.1821
-17.1811
-17.18
-17.179
-17.1779
-17.1768
-17.1758
-17.1747
-17.1737
-17.1726
-17.1715
-17.1705
-17.1694
-17.1684
-17.1673
-17.1663
-17.1652
-17.1641
-17.1631
-17.162
-17.161
-17.1599
-17.1589
-17.1578
-17.1568
-17.1557
-17.1547
-17.1536
-17.1526
-17.1515
-17.1504
-17.1494
-17.1483
-17.1473
-17.1462
-17.1452
-17.1441
-17.1431
-17.142
-17.141
-17.1399
-17.1389
-17.1378
-17.1368
-17.1357
-17.1347
-17.1337
-17.1326
-17.1316
-17.1305
-17.1295
-17.1284
-17.1274
-17.1263
-17.1253
-17.1242
-17.1232
-17.1221
-17.1211
-17.1201
-17.119
-17.118
-17.1169
-17.1159
-17.1148
-17.1138
-17.1127
-17.1117
-17.1107
-17.1096
-17.1086
-17.1075
-17.1065
-17.1055
-17.1044
-17.1034
-17.1023
-17.1013
-17.1003
-17.0992
-17.0982
-17.0971
-17.0961
-17.0951
-17.094
-17.093
-17.092
-17.0909
-17.0899
-17.0888
-17.0878
-17.0868
-17.0857
-17.0847
-17.0837
-17.0826
-17.0816
-17.0806
-17.0795
-17.0785
-17.0775
-17.0764
-17.0754
-17.0744
-17.0733
-17.0723
-17.0713
-17.0702
-17.0692
-17.0682
-17.0671
-17.0661
-17.0651
-17.064
-17.063
-17.062
-17.061
-17.0599
-17.0589
-17.0579
-17.0568
-17.0558
-17.0548
-17.0538
-17.0527
-17.0517
-17.0507
-17.0496
-17.0486
-17.0476
-17.0466
-17.0455
-17.0445
-17.0435
-17.0425
-17.0414
-17.0404
-17.0394
-17.0384
-17.0373
-17.0363
-17.0353
-17.0343
-17.0333
-17.0322
-17.0312
-17.0302
-17.0292
-17.0281
-17.0271
-17.0261
-17.0251
-17.0241
-17.023
-17.022
-17.021
-17.02
-17.019
-17.0179
-17.0169
-17.0159
-17.0149
-17.0139
-17.0129
-17.0118
-17.0108
-17.0098
-17.0088
-17.0078
-17.0068
-17.0057
-17.0047
-17.0037
-17.0027
-17.0017
-17.0007
-16.9996
-16.9986
-16.9976
-16.9966
-16.9956
-16.9946
-16.9936
-16.9926
-16.9915
-16.9905
-16.9895
-16.9885
-16.9875
-16.9865
-16.9855
-16.9845
-16.9835
-16.9824
-16.9814
-16.9804
-16.9794
-16.9784
-16.9774
-16.9764
-16.9754
-16.9744
-16.9734
-16.9724
-16.9713
-16.9703
-16.9693
-16.9683
-16.9673
-16.9663
-16.9653
-16.9643
-16.9633
-16.9623
-16.9613
-16.9603
-16.9593
-16.9583
-16.9573
-16.9563
-16.9553
-16.9543
-16.9533
-16.9523
-16.9513
-16.9503
-16.9493
-16.9482
-16.9472
-16.9462
-16.9452
-16.9442
-16.9432
-16.9422
-16.9412
-16.9402
-16.9392
-16.9382
-16.9372
-16.9362
-16.9353
-16.9343
-16.9333
-16.9323
-16.9313
-16.9303
-16.9293
-16.9283
-16.9273
-16.9263
-16.9253
-16.9243
-16.9233
-16.9223
-16.9213
-16.9203
-16.9193
-16.9183
-16.9173
-16.9163
-16.9153
-16.9143
-16.9133
-16.9124
-16.9114
-16.9104
-16.9094
-16.9084
-16.9074
-16.9064
-16.9054
-16.9044
-16.9034
-16.9024
-16.9014
-16.9005
-16.8995
-16.8985
-16.8975
-16.8965
-16.8955
-16.8945
-16.8935
-16.8925
-16.8916
-16.8906
-16.8896
-16.8886
-16.8876
-16.8866
-16.8856
-16.8846
-16.8837
-16.8827
-16.8817
-16.8807
-16.8797
-16.8787
-16.8778
-16.8768
-16.8758
-16.8748
-16.8738
-16.8728
-16.8718
-16.8709
-16.8699
-16.8689
-16.8679
-16.8669
-16.866
-16.865
-16.864
-16.863
-16.862
-16.861
-16.8601
-16.8591
-16.8581
-16.8571
-16.8561
-16.8552
-16.8542
-16.8532
-16.8522
-16.8513
-16.8503
-16.8493
-16.8483
-16.8473
-16.8464
-16.8454
-16.8444
-16.8434
-16.8425
-16.8415
-16.8405
-16.8395
-16.8386
-16.8376
-16.8366
-16.8356
-16.8347
-16.8337
-16.8327
-16.8317
-16.8308
-16.8298
-16.8288
-16.8278
-16.8269
-16.8259
-16.8249
-16.824
-16.823
-16.822
-16.821
-16.8201
-16.8191
-16.8181
-16.8172
-16.8162
-16.8152
-16.8143
-16.8133
-16.8123
-16.8113
-16.8104
-16.8094
-16.8084
-16.8075
-16.8065
-16.8055
-16.8046
-16.8036
-16.8026
-16.8017
-16.8007
-16.7997
-16.7988
-16.7978
-16.7968
-16.7959
-16.7949
-16.7939
-16.793
-16.792
-16.7911
-16.7901
-16.7891
-16.7882
-16.7872
-16.7862
-16.7853
-16.7843
-16.7834
-16.7824
-16.7814
-16.7805
-16.7795
-16.7785
-16.7776
-16.7766
-16.7757
-16.7747
-16.7737
-16.7728
-16.7718
-16.7709
-16.7699
-16.769
-16.768
-16.767
-16.7661
-16.7651
-16.7642
-16.7632
-16.7622
-16.7613
-16.7603
-16.7594
-16.7584
-16.7575
-16.7565
-16.7556
-16.7546
-16.7536
-16.7527
-16.7517
-16.7508
-16.7498
-16.7489
-16.7479
-16.747
-16.746
-16.7451
-16.7441
-16.7432
-16.7422
-16.7412
-16.7403
-16.7393
-16.7384
-16.7374
-16.7365
-16.7355
-16.7346
-16.7336
-16.7327
-16.7317
-16.7308
-16.7298
-16.7289
-16.7279
-16.727
-16.726
-16.7251
-16.7241
-16.7232
-16.7222
-16.7213
-16.7204
-16.7194
-16.7185
-16.7175
-16.7166
-16.7156
-16.7147
-16.7137
-16.7128
-16.7118
-16.7109
-16.7099
-16.709
-16.7081
-16.7071
-16.7062
-16.7052
-16.7043
-16.7033
-16.7024
-16.7015
-16.7005
-16.6996
-16.6986
-16.6977
-16.6967
-16.6958
-16.6949
-16.6939
-16.693
-16.692
-16.6911
-16.6902
-16.6892
-16.6883
-16.6873
-16.6864
-16.6855
-16.6845
-16.6836
-16.6826
-16.6817
-16.6808
-16.6798
-16.6789
-16.6779
-16.677
-16.6761
-16.6751
-16.6742
-16.6733
-16.6723
-16.6714
-16.6704
-16.6695
-16.6686
-16.6676
-16.6667
-16.6658
-16.6648
-16.6639
-16.663
-16.662
-16.6611
-16.6602
-16.6592
-16.6583
-16.6574
-16.6564
-16.6555
-16.6546
-16.6536
-16.6527
-16.6518
-16.6508
-16.6499
-16.649
-16.648
-16.6471
-16.6462
-16.6453
-16.6443
-16.6434
-16.6425
-16.6415
-16.6406
-16.6397
-16.6388
-16.6378
-16.6369
-16.636
-16.6351
-16.6341
-16.6332
-16.6323
-16.6313
-16.6304
-16.6295
-16.6286
-16.6276
-16.6267
-16.6258
-16.6249
-16.6239
-16.623
-16.6221
-16.6212
-16.6202
-16.6193
-16.6184
-16.6175
-16.6165
-16.6156
-16.6147
-16.6138
-16.6129
-16.6119
-16.611
-16.6101
-16.6092
-16.6082
-16.6073
-16.6064
-16.6055
-16.6046
-16.6036
-16.6027
-16.6018
-16.6009
-16.6
-16.599
-16.5981
-16.5972
-16.5963
-16.5954
-16.5944
-16.5935
-16.5926
-16.5917
-16.5908
-16.5898
-16.5889
-16.588
-16.5871
-16.5862
-16.5853
-16.5843
-16.5834
-16.5825
-16.5816
-16.5807
-16.5798
-16.5788
-16.5779
-16.577
-16.5761
-16.5752
-16.5743
-16.5734
-16.5725
-16.5715
-16.5706
-16.5697
-16.5688
-16.5679
-16.567
-16.5661
-16.5652
-16.5642
-16.5633
-16.5624
-16.5615
-16.5606
-16.5597
-16.5588
-16.5579
-16.557
-16.556
-16.5551
-16.5542
-16.5533
-16.5524
-16.5515
-16.5506
-16.5497
-16.5488
-16.5479
-16.547
-16.546
-16.5451
-16.5442
-16.5433
-16.5424
-16.5415
-16.5406
-16.5397
-16.5388
-16.5379
-16.537
-16.5361
-16.5352
-16.5343
-16.5334
-16.5325
-16.5315
-16.5306
-16.5297
-16.5288
-16.5279
-16.527
-16.5261
-16.5252
-16.5243
-16.5234
-16.5225
-16.5216
-16.5207
-16.5198
-16.5189
-16.518
-16.5171
-16.5162
-16.5153
-16.5144
-16.5135
-16.5126
-16.5117
-16.5108
-16.5099
-16.509
-16.5081
-16.5072
-16.5063
-16.5054
-16.5045
-16.5036
-16.5027
-16.5018
-16.5009
-16.5
-16.4991
-16.4982
-16.4973
-16.4964
-16.4955
-16.4946
-16.4937
-16.4928
-16.4919
-16.4911
-16.4902
-16.4893
-16.4884
-16.4875
-16.4866
-16.4857
-16.4848
-16.4839
-16.483
-16.4821
-16.4812
-16.4803
